Partition output from ratepartitions.py
--Written by Tobias Malm (20121130)

For rate file: Nguyen_2016c.rates with 811 sites!

Manually set dividing factor: 5.0
Partitions calculated according to:
	1st partition: highest rate - ((highest rate - minimum_rate)/(5.0)),
	the remaining as lower boundary rate= upper boundary rate -((upper boundary rate - minimum rate)/(5.0+Partitionnumber*0.3)).
	Last partition created when less than 10% of total characters are left (=81.1 characters).

Rate spread of entire data set (Highest (slowest, 1=invariant) to lowest (fastest) ): Highest: 1.0, lowest: 0.345022408964, spread: 0.654977591036
Partition_1(470 sites):	Rate-span: 1.0-0.869004

Partition_2(2 sites):	Rate-span: 0.869004-0.775436

Partition_3(0 sites):	Rate-span: 0.775436-0.702485

Partition_4(43 sites):	Rate-span: 0.702485-0.64483

Partition_5(94 sites):	Rate-span: 0.64483-0.598705

Partition_6(11 sites):	Rate-span: 0.598705-0.561399

Partition_7(18 sites):	Rate-span: 0.561399-0.530923

Partition_8(24 sites):	Rate-span: 0.530923-0.505802

Partition_9(15 sites):	Rate-span: 0.505802-0.484921

Partition_10(27 sites):	Rate-span: 0.484921-0.467434

Partition_11(17 sites):	Rate-span: 0.467434-0.452686

Partition_12(16 sites):	Rate-span: 0.452686-0.440167

Partition_13(74 sites):	Rate-span: 0.440167-0.345022



MrBayes style
begin mrbayes;
Charset Partition_1 = 57 58 59 60 61 62 63 64 65 66 67 68 69 70 71 73 74 75 77 78 80 81 82 83 84 85 86 87 88 89 90 91 92 94 97 101 103 105 106 107 109 110 115 116 117 118 120 122 123 124 125 126 127 128 129 130 131 133 134 135 136 137 138 140 141 142 143 144 145 146 147 148 149 150 151 152 153 154 155 156 157 158 159 160 161 162 163 164 165 166 167 169 170 172 173 175 177 179 182 183 184 185 186 189 190 191 193 194 195 196 197 198 202 204 205 208 209 210 211 212 213 215 218 219 220 223 229 230 233 235 236 237 238 239 240 241 242 243 244 245 246 247 252 253 255 256 258 260 263 280 283 301 302 303 304 305 306 307 308 309 310 314 316 317 318 319 320 321 322 323 324 325 326 328 329 330 332 334 335 338 339 340 341 342 343 344 345 346 347 348 349 350 351 352 353 354 355 356 357 358 359 360 361 362 363 364 365 366 367 368 370 372 374 375 376 378 379 380 381 382 384 385 386 387 388 389 390 391 392 393 394 395 396 397 399 400 401 403 404 405 406 407 408 409 410 413 414 415 416 417 418 419 420 421 422 423 424 425 426 427 428 429 430 431 432 433 434 435 436 437 438 439 440 441 442 443 444 445 446 448 449 450 451 452 453 455 456 457 460 461 462 464 465 466 467 469 470 472 473 474 475 476 477 478 479 484 485 488 489 490 494 496 497 498 499 501 502 503 504 506 507 509 514 515 516 518 520 521 522 523 527 528 530 531 533 534 535 536 537 538 539 540 541 543 544 546 547 548 549 550 551 552 553 554 555 556 557 561 563 564 567 568 569 570 571 572 573 574 575 578 579 583 584 585 586 588 590 595 597 598 599 600 602 604 605 606 608 609 612 615 616 617 618 619 621 622 623 624 630 631 632 634 635 636 637 638 639 640 641 642 643 644 645 647 649 650 651 653 654 656 657 658 659 660 661 662 663 664 665 672 676 677 679 682 683 685 687 688 689 691 692 695 697 699 700 701 702 704 707 709 710 711 713 714 716 717 719 720 721 722 725 738 739 740 741 742 760 762 763 764;
Charset Partition_2 = 279 300;
Charset Partition_4 = 1 2 3 4 5 6 7 8 9 10 11 12 13 14 15 16 17 18 19 20 21 22 23 24 25 26 27 187 398 468 481 482 511 565 610 611 625 646 652 694 698 723 749;
Charset Partition_5 = 28 29 30 31 45 46 47 48 49 50 51 52 53 54 55 56 76 111 192 199 226 227 231 234 249 261 285 289 295 336 377 493 576 580 581 589 591 593 614 655 668 675 686 708 715 718 747 748 766 767 768 769 770 771 772 773 774 775 776 777 778 779 780 781 782 783 784 785 786 787 788 789 790 791 792 793 794 795 796 797 798 799 800 801 802 803 804 805 806 807 808 809 810 811;
Charset Partition_6 = 232 251 312 313 315 486 558 587 601 613 680;
Charset Partition_7 = 44 171 174 221 225 264 337 412 492 532 542 545 560 577 633 693 733 761;
Charset Partition_8 = 93 96 98 102 132 139 181 216 270 287 311 491 510 517 626 627 629 666 678 696 745 752 753 765;
Charset Partition_9 = 38 72 121 207 257 259 371 383 505 513 526 529 705 724 757;
Charset Partition_10 = 32 33 100 108 114 119 180 200 254 262 284 294 333 411 447 487 519 562 582 628 670 673 674 706 712 746 759;
Charset Partition_11 = 112 168 188 214 248 250 281 288 327 331 369 402 480 603 671 727 734;
Charset Partition_12 = 95 113 206 224 265 269 282 286 291 292 296 495 524 592 648 681;
Charset Partition_13 = 34 35 36 37 39 40 41 42 43 79 99 104 176 178 201 203 217 222 228 266 267 268 271 272 273 274 275 276 277 278 290 293 297 298 299 373 454 458 459 463 471 483 500 508 512 525 559 566 594 596 607 620 667 669 684 690 703 726 728 729 730 731 732 735 736 737 743 744 750 751 754 755 756 758;
partition Partitions = 13: Partition_1, Partition_2, Partition_3, Partition_4, Partition_5, Partition_6, Partition_7, Partition_8, Partition_9, Partition_10, Partition_11, Partition_12, Partition_13;
set partition = Partitions;


PHYLIP  style
DNA, Partition_1 = 57, 58, 59, 60, 61, 62, 63, 64, 65, 66, 67, 68, 69, 70, 71, 73, 74, 75, 77, 78, 80, 81, 82, 83, 84, 85, 86, 87, 88, 89, 90, 91, 92, 94, 97, 101, 103, 105, 106, 107, 109, 110, 115, 116, 117, 118, 120, 122, 123, 124, 125, 126, 127, 128, 129, 130, 131, 133, 134, 135, 136, 137, 138, 140, 141, 142, 143, 144, 145, 146, 147, 148, 149, 150, 151, 152, 153, 154, 155, 156, 157, 158, 159, 160, 161, 162, 163, 164, 165, 166, 167, 169, 170, 172, 173, 175, 177, 179, 182, 183, 184, 185, 186, 189, 190, 191, 193, 194, 195, 196, 197, 198, 202, 204, 205, 208, 209, 210, 211, 212, 213, 215, 218, 219, 220, 223, 229, 230, 233, 235, 236, 237, 238, 239, 240, 241, 242, 243, 244, 245, 246, 247, 252, 253, 255, 256, 258, 260, 263, 280, 283, 301, 302, 303, 304, 305, 306, 307, 308, 309, 310, 314, 316, 317, 318, 319, 320, 321, 322, 323, 324, 325, 326, 328, 329, 330, 332, 334, 335, 338, 339, 340, 341, 342, 343, 344, 345, 346, 347, 348, 349, 350, 351, 352, 353, 354, 355, 356, 357, 358, 359, 360, 361, 362, 363, 364, 365, 366, 367, 368, 370, 372, 374, 375, 376, 378, 379, 380, 381, 382, 384, 385, 386, 387, 388, 389, 390, 391, 392, 393, 394, 395, 396, 397, 399, 400, 401, 403, 404, 405, 406, 407, 408, 409, 410, 413, 414, 415, 416, 417, 418, 419, 420, 421, 422, 423, 424, 425, 426, 427, 428, 429, 430, 431, 432, 433, 434, 435, 436, 437, 438, 439, 440, 441, 442, 443, 444, 445, 446, 448, 449, 450, 451, 452, 453, 455, 456, 457, 460, 461, 462, 464, 465, 466, 467, 469, 470, 472, 473, 474, 475, 476, 477, 478, 479, 484, 485, 488, 489, 490, 494, 496, 497, 498, 499, 501, 502, 503, 504, 506, 507, 509, 514, 515, 516, 518, 520, 521, 522, 523, 527, 528, 530, 531, 533, 534, 535, 536, 537, 538, 539, 540, 541, 543, 544, 546, 547, 548, 549, 550, 551, 552, 553, 554, 555, 556, 557, 561, 563, 564, 567, 568, 569, 570, 571, 572, 573, 574, 575, 578, 579, 583, 584, 585, 586, 588, 590, 595, 597, 598, 599, 600, 602, 604, 605, 606, 608, 609, 612, 615, 616, 617, 618, 619, 621, 622, 623, 624, 630, 631, 632, 634, 635, 636, 637, 638, 639, 640, 641, 642, 643, 644, 645, 647, 649, 650, 651, 653, 654, 656, 657, 658, 659, 660, 661, 662, 663, 664, 665, 672, 676, 677, 679, 682, 683, 685, 687, 688, 689, 691, 692, 695, 697, 699, 700, 701, 702, 704, 707, 709, 710, 711, 713, 714, 716, 717, 719, 720, 721, 722, 725, 738, 739, 740, 741, 742, 760, 762, 763, 764
DNA, Partition_2 = 279, 300
DNA, Partition_4 = 1, 2, 3, 4, 5, 6, 7, 8, 9, 10, 11, 12, 13, 14, 15, 16, 17, 18, 19, 20, 21, 22, 23, 24, 25, 26, 27, 187, 398, 468, 481, 482, 511, 565, 610, 611, 625, 646, 652, 694, 698, 723, 749
DNA, Partition_5 = 28, 29, 30, 31, 45, 46, 47, 48, 49, 50, 51, 52, 53, 54, 55, 56, 76, 111, 192, 199, 226, 227, 231, 234, 249, 261, 285, 289, 295, 336, 377, 493, 576, 580, 581, 589, 591, 593, 614, 655, 668, 675, 686, 708, 715, 718, 747, 748, 766, 767, 768, 769, 770, 771, 772, 773, 774, 775, 776, 777, 778, 779, 780, 781, 782, 783, 784, 785, 786, 787, 788, 789, 790, 791, 792, 793, 794, 795, 796, 797, 798, 799, 800, 801, 802, 803, 804, 805, 806, 807, 808, 809, 810, 811
DNA, Partition_6 = 232, 251, 312, 313, 315, 486, 558, 587, 601, 613, 680
DNA, Partition_7 = 44, 171, 174, 221, 225, 264, 337, 412, 492, 532, 542, 545, 560, 577, 633, 693, 733, 761
DNA, Partition_8 = 93, 96, 98, 102, 132, 139, 181, 216, 270, 287, 311, 491, 510, 517, 626, 627, 629, 666, 678, 696, 745, 752, 753, 765
DNA, Partition_9 = 38, 72, 121, 207, 257, 259, 371, 383, 505, 513, 526, 529, 705, 724, 757
DNA, Partition_10 = 32, 33, 100, 108, 114, 119, 180, 200, 254, 262, 284, 294, 333, 411, 447, 487, 519, 562, 582, 628, 670, 673, 674, 706, 712, 746, 759
DNA, Partition_11 = 112, 168, 188, 214, 248, 250, 281, 288, 327, 331, 369, 402, 480, 603, 671, 727, 734
DNA, Partition_12 = 95, 113, 206, 224, 265, 269, 282, 286, 291, 292, 296, 495, 524, 592, 648, 681
DNA, Partition_13 = 34, 35, 36, 37, 39, 40, 41, 42, 43, 79, 99, 104, 176, 178, 201, 203, 217, 222, 228, 266, 267, 268, 271, 272, 273, 274, 275, 276, 277, 278, 290, 293, 297, 298, 299, 373, 454, 458, 459, 463, 471, 483, 500, 508, 512, 525, 559, 566, 594, 596, 607, 620, 667, 669, 684, 690, 703, 726, 728, 729, 730, 731, 732, 735, 736, 737, 743, 744, 750, 751, 754, 755, 756, 758