Partition output from ratepartitions.py
--Written by Tobias Malm (20121130)

For rate file: Nguyen_2016b.rates with 680 sites!

Manually set dividing factor: 5.0
Partitions calculated according to:
	1st partition: highest rate - ((highest rate - minimum_rate)/(5.0)),
	the remaining as lower boundary rate= upper boundary rate -((upper boundary rate - minimum rate)/(5.0+Partitionnumber*0.3)).
	Last partition created when less than 10% of total characters are left (=68.0 characters).

Rate spread of entire data set (Highest (slowest, 1=invariant) to lowest (fastest) ): Highest: 1.0, lowest: 0.343312670236, spread: 0.656687329764
Partition_1(429 sites):	Rate-span: 1.0-0.868663

Partition_2(0 sites):	Rate-span: 0.868663-0.77485

Partition_3(0 sites):	Rate-span: 0.77485-0.701708

Partition_4(0 sites):	Rate-span: 0.701708-0.643902

Partition_5(21 sites):	Rate-span: 0.643902-0.597658

Partition_6(38 sites):	Rate-span: 0.597658-0.560254

Partition_7(12 sites):	Rate-span: 0.560254-0.529699

Partition_8(39 sites):	Rate-span: 0.529699-0.504512

Partition_9(18 sites):	Rate-span: 0.504512-0.483577

Partition_10(14 sites):	Rate-span: 0.483577-0.466044

Partition_11(31 sites):	Rate-span: 0.466044-0.451257

Partition_12(21 sites):	Rate-span: 0.451257-0.438705

Partition_13(57 sites):	Rate-span: 0.438705-0.343313



MrBayes style
begin mrbayes;
Charset Partition_1 = 1 7 8 10 11 12 13 14 15 16 17 18 19 20 21 22 23 26 27 28 30 32 33 34 35 36 37 38 39 40 41 42 43 44 46 47 50 51 52 54 55 56 57 58 59 60 61 62 63 64 65 68 69 70 71 72 73 74 75 76 77 78 86 88 90 92 93 94 96 102 103 104 109 110 112 114 116 118 119 120 122 123 124 125 126 128 129 130 131 133 134 135 136 137 138 143 144 145 147 148 149 150 151 152 153 154 155 156 157 158 159 160 161 162 164 166 168 169 171 173 174 175 176 177 178 179 180 181 182 183 184 185 186 187 188 189 194 196 197 198 199 200 201 202 203 204 205 206 207 208 209 210 212 214 216 217 218 219 220 221 222 224 225 226 227 228 229 230 231 232 233 234 235 236 238 240 242 243 246 247 249 250 252 253 254 258 259 260 261 263 264 265 266 267 269 270 271 272 273 274 275 276 277 279 280 281 282 284 285 286 287 288 289 292 294 295 296 297 298 300 301 302 303 304 305 306 307 310 312 315 318 319 324 325 326 327 329 330 340 341 342 343 344 345 346 349 352 353 354 356 357 358 359 361 362 363 364 365 366 368 369 370 371 372 373 374 375 376 377 378 379 380 381 382 383 384 385 386 387 388 389 391 392 394 397 398 399 400 401 402 403 404 405 406 407 408 409 410 411 412 413 414 415 416 417 418 419 422 423 424 425 426 427 428 429 430 431 432 433 434 435 436 437 438 439 440 442 443 444 445 447 448 450 451 453 454 455 456 457 458 459 460 461 462 463 465 466 467 468 469 470 473 474 475 476 478 479 481 482 483 484 485 486 487 488 490 491 492 493 494 496 497 499 503 504 506 507 508 510 511 512 513 514 515 516 517 518 519 520 521 522 524 526 527 528 531 532 537 538 541 547 548 549 551 552 553 554 555 556 559 568 570 582 587 589 590 591 593 596 598 606 609 614 620 669 670 671 672 673;
Charset Partition_5 = 29 53 105 132 190 211 278 311 320 336 337 338 339 393 489 495 509 525 534 599 649;
Charset Partition_6 = 3 45 67 82 101 107 111 163 170 172 193 255 328 334 355 472 502 529 530 557 563 564 583 612 615 618 639 640 641 642 643 665 675 676 677 678 679 680;
Charset Partition_7 = 9 117 146 213 239 268 299 420 441 452 501 604;
Charset Partition_8 = 6 24 25 31 48 49 80 85 223 245 283 291 293 313 321 323 347 351 360 367 446 449 477 480 498 543 561 571 575 594 600 605 607 608 617 628 630 632 638;
Charset Partition_9 = 79 91 127 141 237 248 316 348 395 523 558 613 631 634 644 645 664 666;
Charset Partition_10 = 5 139 195 308 317 350 390 464 505 535 595 601 619 626;
Charset Partition_11 = 81 89 98 99 121 142 215 251 262 290 309 322 335 396 471 500 533 542 545 565 566 592 603 621 624 633 636 637 646 660 667;
Charset Partition_12 = 84 87 165 167 241 244 314 333 421 536 539 574 579 586 602 616 629 635 663 668 674;
Charset Partition_13 = 2 4 66 83 95 97 100 106 108 113 115 140 191 192 256 257 331 332 540 544 546 550 560 562 567 569 572 573 576 577 578 580 581 584 585 588 597 610 611 622 623 625 627 647 648 650 651 652 653 654 655 656 657 658 659 661 662;
partition Partitions = 13: Partition_1, Partition_2, Partition_3, Partition_4, Partition_5, Partition_6, Partition_7, Partition_8, Partition_9, Partition_10, Partition_11, Partition_12, Partition_13;
set partition = Partitions;


PHYLIP  style
DNA, Partition_1 = 1, 7, 8, 10, 11, 12, 13, 14, 15, 16, 17, 18, 19, 20, 21, 22, 23, 26, 27, 28, 30, 32, 33, 34, 35, 36, 37, 38, 39, 40, 41, 42, 43, 44, 46, 47, 50, 51, 52, 54, 55, 56, 57, 58, 59, 60, 61, 62, 63, 64, 65, 68, 69, 70, 71, 72, 73, 74, 75, 76, 77, 78, 86, 88, 90, 92, 93, 94, 96, 102, 103, 104, 109, 110, 112, 114, 116, 118, 119, 120, 122, 123, 124, 125, 126, 128, 129, 130, 131, 133, 134, 135, 136, 137, 138, 143, 144, 145, 147, 148, 149, 150, 151, 152, 153, 154, 155, 156, 157, 158, 159, 160, 161, 162, 164, 166, 168, 169, 171, 173, 174, 175, 176, 177, 178, 179, 180, 181, 182, 183, 184, 185, 186, 187, 188, 189, 194, 196, 197, 198, 199, 200, 201, 202, 203, 204, 205, 206, 207, 208, 209, 210, 212, 214, 216, 217, 218, 219, 220, 221, 222, 224, 225, 226, 227, 228, 229, 230, 231, 232, 233, 234, 235, 236, 238, 240, 242, 243, 246, 247, 249, 250, 252, 253, 254, 258, 259, 260, 261, 263, 264, 265, 266, 267, 269, 270, 271, 272, 273, 274, 275, 276, 277, 279, 280, 281, 282, 284, 285, 286, 287, 288, 289, 292, 294, 295, 296, 297, 298, 300, 301, 302, 303, 304, 305, 306, 307, 310, 312, 315, 318, 319, 324, 325, 326, 327, 329, 330, 340, 341, 342, 343, 344, 345, 346, 349, 352, 353, 354, 356, 357, 358, 359, 361, 362, 363, 364, 365, 366, 368, 369, 370, 371, 372, 373, 374, 375, 376, 377, 378, 379, 380, 381, 382, 383, 384, 385, 386, 387, 388, 389, 391, 392, 394, 397, 398, 399, 400, 401, 402, 403, 404, 405, 406, 407, 408, 409, 410, 411, 412, 413, 414, 415, 416, 417, 418, 419, 422, 423, 424, 425, 426, 427, 428, 429, 430, 431, 432, 433, 434, 435, 436, 437, 438, 439, 440, 442, 443, 444, 445, 447, 448, 450, 451, 453, 454, 455, 456, 457, 458, 459, 460, 461, 462, 463, 465, 466, 467, 468, 469, 470, 473, 474, 475, 476, 478, 479, 481, 482, 483, 484, 485, 486, 487, 488, 490, 491, 492, 493, 494, 496, 497, 499, 503, 504, 506, 507, 508, 510, 511, 512, 513, 514, 515, 516, 517, 518, 519, 520, 521, 522, 524, 526, 527, 528, 531, 532, 537, 538, 541, 547, 548, 549, 551, 552, 553, 554, 555, 556, 559, 568, 570, 582, 587, 589, 590, 591, 593, 596, 598, 606, 609, 614, 620, 669, 670, 671, 672, 673
DNA, Partition_5 = 29, 53, 105, 132, 190, 211, 278, 311, 320, 336, 337, 338, 339, 393, 489, 495, 509, 525, 534, 599, 649
DNA, Partition_6 = 3, 45, 67, 82, 101, 107, 111, 163, 170, 172, 193, 255, 328, 334, 355, 472, 502, 529, 530, 557, 563, 564, 583, 612, 615, 618, 639, 640, 641, 642, 643, 665, 675, 676, 677, 678, 679, 680
DNA, Partition_7 = 9, 117, 146, 213, 239, 268, 299, 420, 441, 452, 501, 604
DNA, Partition_8 = 6, 24, 25, 31, 48, 49, 80, 85, 223, 245, 283, 291, 293, 313, 321, 323, 347, 351, 360, 367, 446, 449, 477, 480, 498, 543, 561, 571, 575, 594, 600, 605, 607, 608, 617, 628, 630, 632, 638
DNA, Partition_9 = 79, 91, 127, 141, 237, 248, 316, 348, 395, 523, 558, 613, 631, 634, 644, 645, 664, 666
DNA, Partition_10 = 5, 139, 195, 308, 317, 350, 390, 464, 505, 535, 595, 601, 619, 626
DNA, Partition_11 = 81, 89, 98, 99, 121, 142, 215, 251, 262, 290, 309, 322, 335, 396, 471, 500, 533, 542, 545, 565, 566, 592, 603, 621, 624, 633, 636, 637, 646, 660, 667
DNA, Partition_12 = 84, 87, 165, 167, 241, 244, 314, 333, 421, 536, 539, 574, 579, 586, 602, 616, 629, 635, 663, 668, 674
DNA, Partition_13 = 2, 4, 66, 83, 95, 97, 100, 106, 108, 113, 115, 140, 191, 192, 256, 257, 331, 332, 540, 544, 546, 550, 560, 562, 567, 569, 572, 573, 576, 577, 578, 580, 581, 584, 585, 588, 597, 610, 611, 622, 623, 625, 627, 647, 648, 650, 651, 652, 653, 654, 655, 656, 657, 658, 659, 661, 662