Partition output from ratepartitions.py
--Written by Tobias Malm (20121130)

For rate file: Nguyen_2016f.rates with 583 sites!

Manually set dividing factor: 5.0
Partitions calculated according to:
	1st partition: highest rate - ((highest rate - minimum_rate)/(5.0)),
	the remaining as lower boundary rate= upper boundary rate -((upper boundary rate - minimum rate)/(5.0+Partitionnumber*0.3)).
	Last partition created when less than 10% of total characters are left (=58.3 characters).

Rate spread of entire data set (Highest (slowest, 1=invariant) to lowest (fastest) ): Highest: 1.0, lowest: 0.36579004329, spread: 0.63420995671
Partition_1(365 sites):	Rate-span: 1.0-0.873158

Partition_2(0 sites):	Rate-span: 0.873158-0.782557

Partition_3(30 sites):	Rate-span: 0.782557-0.711918

Partition_4(0 sites):	Rate-span: 0.711918-0.656091

Partition_5(1 sites):	Rate-span: 0.656091-0.611429

Partition_6(15 sites):	Rate-span: 0.611429-0.575306

Partition_7(25 sites):	Rate-span: 0.575306-0.545797

Partition_8(2 sites):	Rate-span: 0.545797-0.521471

Partition_9(0 sites):	Rate-span: 0.521471-0.501253

Partition_10(11 sites):	Rate-span: 0.501253-0.48432

Partition_11(15 sites):	Rate-span: 0.48432-0.470039

Partition_12(4 sites):	Rate-span: 0.470039-0.457917

Partition_13(18 sites):	Rate-span: 0.457917-0.447566

Partition_14(10 sites):	Rate-span: 0.447566-0.438677

Partition_15(11 sites):	Rate-span: 0.438677-0.431005

Partition_16(8 sites):	Rate-span: 0.431005-0.42435

Partition_17(10 sites):	Rate-span: 0.42435-0.418552

Partition_18(58 sites):	Rate-span: 0.418552-0.36579



MrBayes style
begin mrbayes;
Charset Partition_1 = 1 27 29 30 31 32 35 36 39 40 43 44 46 47 48 50 51 52 53 54 55 56 57 58 59 60 61 62 63 64 65 66 68 69 70 71 72 73 74 75 76 77 78 79 80 81 82 83 84 85 88 89 92 93 94 95 96 97 98 100 101 102 104 105 106 107 108 109 111 112 113 114 115 116 117 118 119 120 122 123 124 126 127 128 129 130 131 132 137 138 139 140 142 143 144 146 148 150 151 158 162 165 169 170 171 173 174 175 176 177 178 179 180 181 182 186 188 189 192 193 196 197 200 201 202 203 204 205 206 207 208 209 210 212 213 214 215 217 218 219 221 222 223 224 225 226 227 228 229 230 231 233 236 237 239 240 241 243 244 245 246 248 250 251 252 253 254 255 258 262 263 264 265 267 268 270 272 273 274 276 278 279 280 282 283 284 289 290 292 293 294 296 297 298 300 301 302 303 304 305 306 307 308 309 310 311 312 313 315 316 318 319 320 321 324 325 327 328 329 336 338 344 346 348 350 353 354 355 356 357 361 362 363 365 373 374 379 380 381 384 386 388 389 390 391 392 393 394 395 396 397 398 399 400 402 403 404 405 407 410 411 412 413 414 415 416 417 418 419 420 421 422 423 424 426 427 428 430 431 432 433 434 435 436 437 438 439 440 441 442 443 444 446 447 449 450 454 461 463 464 467 470 471 474 475 478 479 482 483 485 486 487 489 493 494 495 496 505 506 507 508 512 513 518 520 521 522 523 524 525 526 527 528 529 530 531 534 535 537 538 539 540 541 542 544 545 546 548 551 553 565 566 567 568 569 570 571 572 573 574 575 576 577 578 583;
Charset Partition_3 = 3 4 5 10 33 34 41 45 90 110 136 168 194 235 238 257 260 285 286 288 291 299 330 332 340 345 349 364 409 448;
Charset Partition_5 = 582;
Charset Partition_6 = 21 22 99 125 134 145 147 155 232 234 242 261 271 295 497;
Charset Partition_7 = 9 16 17 42 86 91 103 121 149 195 323 333 358 359 369 377 401 429 445 488 514 516 543 547 554;
Charset Partition_8 = 38 266;
Charset Partition_10 = 154 216 259 339 343 347 376 509 519 533 562;
Charset Partition_11 = 24 67 159 163 185 190 249 275 370 378 406 490 510 560 564;
Charset Partition_12 = 23 25 536 550;
Charset Partition_13 = 49 141 152 161 164 167 198 256 326 366 367 385 387 468 484 515 555 579;
Charset Partition_14 = 133 135 172 184 287 331 334 337 517 563;
Charset Partition_15 = 166 220 281 335 341 351 457 458 477 498 532;
Charset Partition_16 = 37 191 322 451 452 491 552 556;
Charset Partition_17 = 8 156 277 352 382 473 480 481 502 549;
Charset Partition_18 = 2 6 7 11 12 13 14 15 18 19 20 26 28 87 153 157 160 183 187 199 211 247 269 314 317 342 360 368 371 372 375 383 408 425 453 455 456 459 460 462 465 466 469 472 476 492 499 500 501 503 504 511 557 558 559 561 580 581;
partition Partitions = 18: Partition_1, Partition_2, Partition_3, Partition_4, Partition_5, Partition_6, Partition_7, Partition_8, Partition_9, Partition_10, Partition_11, Partition_12, Partition_13, Partition_14, Partition_15, Partition_16, Partition_17, Partition_18;
set partition = Partitions;


PHYLIP  style
DNA, Partition_1 = 1, 27, 29, 30, 31, 32, 35, 36, 39, 40, 43, 44, 46, 47, 48, 50, 51, 52, 53, 54, 55, 56, 57, 58, 59, 60, 61, 62, 63, 64, 65, 66, 68, 69, 70, 71, 72, 73, 74, 75, 76, 77, 78, 79, 80, 81, 82, 83, 84, 85, 88, 89, 92, 93, 94, 95, 96, 97, 98, 100, 101, 102, 104, 105, 106, 107, 108, 109, 111, 112, 113, 114, 115, 116, 117, 118, 119, 120, 122, 123, 124, 126, 127, 128, 129, 130, 131, 132, 137, 138, 139, 140, 142, 143, 144, 146, 148, 150, 151, 158, 162, 165, 169, 170, 171, 173, 174, 175, 176, 177, 178, 179, 180, 181, 182, 186, 188, 189, 192, 193, 196, 197, 200, 201, 202, 203, 204, 205, 206, 207, 208, 209, 210, 212, 213, 214, 215, 217, 218, 219, 221, 222, 223, 224, 225, 226, 227, 228, 229, 230, 231, 233, 236, 237, 239, 240, 241, 243, 244, 245, 246, 248, 250, 251, 252, 253, 254, 255, 258, 262, 263, 264, 265, 267, 268, 270, 272, 273, 274, 276, 278, 279, 280, 282, 283, 284, 289, 290, 292, 293, 294, 296, 297, 298, 300, 301, 302, 303, 304, 305, 306, 307, 308, 309, 310, 311, 312, 313, 315, 316, 318, 319, 320, 321, 324, 325, 327, 328, 329, 336, 338, 344, 346, 348, 350, 353, 354, 355, 356, 357, 361, 362, 363, 365, 373, 374, 379, 380, 381, 384, 386, 388, 389, 390, 391, 392, 393, 394, 395, 396, 397, 398, 399, 400, 402, 403, 404, 405, 407, 410, 411, 412, 413, 414, 415, 416, 417, 418, 419, 420, 421, 422, 423, 424, 426, 427, 428, 430, 431, 432, 433, 434, 435, 436, 437, 438, 439, 440, 441, 442, 443, 444, 446, 447, 449, 450, 454, 461, 463, 464, 467, 470, 471, 474, 475, 478, 479, 482, 483, 485, 486, 487, 489, 493, 494, 495, 496, 505, 506, 507, 508, 512, 513, 518, 520, 521, 522, 523, 524, 525, 526, 527, 528, 529, 530, 531, 534, 535, 537, 538, 539, 540, 541, 542, 544, 545, 546, 548, 551, 553, 565, 566, 567, 568, 569, 570, 571, 572, 573, 574, 575, 576, 577, 578, 583
DNA, Partition_3 = 3, 4, 5, 10, 33, 34, 41, 45, 90, 110, 136, 168, 194, 235, 238, 257, 260, 285, 286, 288, 291, 299, 330, 332, 340, 345, 349, 364, 409, 448
DNA, Partition_5 = 582
DNA, Partition_6 = 21, 22, 99, 125, 134, 145, 147, 155, 232, 234, 242, 261, 271, 295, 497
DNA, Partition_7 = 9, 16, 17, 42, 86, 91, 103, 121, 149, 195, 323, 333, 358, 359, 369, 377, 401, 429, 445, 488, 514, 516, 543, 547, 554
DNA, Partition_8 = 38, 266
DNA, Partition_10 = 154, 216, 259, 339, 343, 347, 376, 509, 519, 533, 562
DNA, Partition_11 = 24, 67, 159, 163, 185, 190, 249, 275, 370, 378, 406, 490, 510, 560, 564
DNA, Partition_12 = 23, 25, 536, 550
DNA, Partition_13 = 49, 141, 152, 161, 164, 167, 198, 256, 326, 366, 367, 385, 387, 468, 484, 515, 555, 579
DNA, Partition_14 = 133, 135, 172, 184, 287, 331, 334, 337, 517, 563
DNA, Partition_15 = 166, 220, 281, 335, 341, 351, 457, 458, 477, 498, 532
DNA, Partition_16 = 37, 191, 322, 451, 452, 491, 552, 556
DNA, Partition_17 = 8, 156, 277, 352, 382, 473, 480, 481, 502, 549
DNA, Partition_18 = 2, 6, 7, 11, 12, 13, 14, 15, 18, 19, 20, 26, 28, 87, 153, 157, 160, 183, 187, 199, 211, 247, 269, 314, 317, 342, 360, 368, 371, 372, 375, 383, 408, 425, 453, 455, 456, 459, 460, 462, 465, 466, 469, 472, 476, 492, 499, 500, 501, 503, 504, 511, 557, 558, 559, 561, 580, 581