Partition output from ratepartitions.py
--Written by Tobias Malm (20121130)

For rate file: Geometridae.rates with 5998 sites!

Manually set dividing factor: 5.0
Partitions calculated according to:
	1st partition: highest rate - ((highest rate - minimum_rate)/(5.0)),
	the remaining as lower boundary rate= upper boundary rate -((upper boundary rate - minimum rate)/(5.0+Partitionnumber*0.3)).
	Last partition created when less than 10% of total characters are left (=599.8 characters).

Rate spread of entire data set (Highest (slowest, 1=invariant) to lowest (fastest) ): Highest: 0.135611390351, lowest: 0.0623373194534, spread: 0.0732740708976
Partition_1(1183 sites):	Rate-span: 0.135611-0.120957

Partition_2(365 sites):	Rate-span: 0.120957-0.110489

Partition_3(76 sites):	Rate-span: 0.110489-0.102328

Partition_4(62 sites):	Rate-span: 0.102328-0.095878

Partition_5(36 sites):	Rate-span: 0.095878-0.090718

Partition_6(490 sites):	Rate-span: 0.090718-0.086544

Partition_7(202 sites):	Rate-span: 0.086544-0.083135

Partition_8(459 sites):	Rate-span: 0.083135-0.080324

Partition_9(240 sites):	Rate-span: 0.080324-0.077988

Partition_10(646 sites):	Rate-span: 0.077988-0.076032

Partition_11(439 sites):	Rate-span: 0.076032-0.074382

Partition_12(311 sites):	Rate-span: 0.074382-0.072981

Partition_13(227 sites):	Rate-span: 0.072981-0.071785

Partition_14(145 sites):	Rate-span: 0.071785-0.070758

Partition_15(127 sites):	Rate-span: 0.070758-0.069872

Partition_16(105 sites):	Rate-span: 0.069872-0.069103

Partition_17(115 sites):	Rate-span: 0.069103-0.068433

Partition_18(105 sites):	Rate-span: 0.068433-0.067847

Partition_19(98 sites):	Rate-span: 0.067847-0.067332

Partition_20(567 sites):	Rate-span: 0.067332-0.062337



MrBayes style
begin mrbayes;
Charset Partition_1 = 416 417 419 420 422 425 426 428 429 432 434 435 437 438 441 443 444 447 450 452 453 455 456 464 465 467 468 470 471 474 476 477 479 480 482 483 485 486 488 489 892 893 896 898 899 901 904 905 907 908 914 915 916 917 919 920 923 925 926 928 929 930 931 932 934 935 937 938 940 941 943 944 946 947 949 950 952 953 955 956 958 959 961 962 964 965 967 968 970 971 972 973 974 976 977 979 980 982 983 985 986 988 989 991 992 995 996 997 998 1000 1001 1003 1004 1006 1007 1009 1010 1012 1013 1015 1016 1019 1022 1024 1025 1028 1030 1031 1034 1036 1037 1039 1040 1042 1043 1045 1046 1048 1049 1051 1052 1054 1055 1057 1058 1060 1061 1063 1064 1065 1066 1067 1069 1070 1072 1073 1074 1075 1076 1078 1079 1081 1082 1085 1088 1090 1091 1093 1094 1096 1097 1100 1106 1109 1112 1117 1118 1120 1121 1124 1126 1127 1129 1130 1131 1132 1135 1136 1138 1141 1142 1144 1145 1147 1148 1150 1151 1152 1153 1154 1156 1157 1159 1160 1162 1163 1165 1166 1169 1171 1172 1174 1175 1177 1178 1180 1181 1183 1184 1186 1187 1190 1192 1193 1196 1199 1201 1202 1204 1205 1208 1210 1211 1213 1214 1216 1217 1219 1220 1223 1225 1226 1229 1231 1232 1234 1235 1237 1238 1240 1241 1243 1244 1246 1247 1250 1252 1253 1255 1256 1258 1259 1261 1262 1264 1265 1267 1268 1270 1271 1273 1274 1276 1277 1279 1280 1282 1283 1285 1286 1288 1289 1292 1297 1298 1301 1306 1307 1309 1310 1312 1313 1314 1316 1318 1319 1322 1324 1325 1328 1330 1331 1334 1336 1337 1339 1340 1342 1343 1345 1346 1348 1349 1352 1355 1358 1361 1364 1366 1367 1370 1372 1373 1375 1376 1379 1381 1382 1384 1385 1387 1388 1390 1391 1393 1394 1396 1397 1400 1403 1405 1406 1408 1409 1411 1412 1414 1415 1418 1420 1421 1423 1424 1426 1427 1429 1432 1433 1435 1436 1438 1439 1442 1444 1445 1447 1448 1450 1451 1453 1454 1456 1457 1459 1460 1463 1465 1466 1468 1469 1470 1471 1472 1475 1476 1477 1478 1553 1554 1556 1557 1559 1560 1562 1563 1564 1565 1566 1568 1569 1570 1571 1572 1574 1575 1577 1578 1580 1581 1584 1585 1586 1587 1589 1590 1591 1592 1593 1594 1595 1596 1598 1599 1601 1602 1603 1605 1606 1607 1608 1610 1611 1613 1614 1617 1620 1622 1623 1625 1626 1628 1629 1630 1631 1632 1634 1635 1636 1637 1638 1640 1641 1643 1644 1646 1647 1649 1650 1652 1653 1655 1656 1658 1659 1661 1662 1663 1664 1665 1667 1668 1669 1670 1671 1673 1674 1676 1677 1679 1680 1682 1683 1685 1686 1688 1689 1691 1692 1694 1695 1697 1698 1700 1701 1702 1703 1704 1705 1706 1707 1709 1710 1712 1713 1715 1716 1718 1719 1721 1722 1724 1725 1726 1727 1728 1729 1730 1731 1732 1733 1734 1736 1737 1739 1740 1741 1743 1745 1746 1748 1749 1752 1754 1755 1757 1758 1760 1761 1763 1764 1765 1767 1772 1773 1775 1779 1782 1785 1788 1790 1791 1792 1793 1794 1797 1798 1799 1800 1802 1803 1805 1806 1808 1809 1811 1812 1813 1814 1815 1817 1818 1821 1823 1824 1826 1827 1830 1831 1832 1833 1835 1836 1838 1839 1842 1845 1847 1848 1850 1851 1853 1854 1856 1857 1859 1860 1861 1862 1863 1865 1866 1869 1872 1874 1875 1877 1878 1880 1881 1883 1884 1886 1887 1889 1890 1892 1893 1895 1896 1898 1899 1901 1902 1904 1905 1907 1908 1910 1911 1914 1916 1917 1919 1920 1922 1923 1925 1926 1928 1929 1931 1932 1934 1935 1937 1938 1939 1941 1943 1944 1947 1949 1950 1953 1955 1956 1958 1959 1960 1961 1962 1964 1965 1968 1969 1970 1971 1973 1974 1976 1977 1980 1986 1987 1988 1989 1994 1998 2001 2003 2004 2005 2006 2007 2009 2010 2011 2012 2013 2014 2015 2016 2019 2021 2022 2023 2024 2025 2026 2028 2030 2031 2033 2034 2036 2037 2040 2041 2042 2043 2045 2046 2048 2049 2051 2052 2054 2055 2056 2057 2058 2059 2060 2061 2063 2064 2065 2066 2067 2070 2071 2072 2073 2075 2076 2078 2079 2081 2082 2084 2085 2087 2088 2090 2091 2093 2094 2096 2097 2099 2100 2102 2103 2105 2106 2108 2109 2111 2112 2114 2115 2117 2118 2120 2121 2122 2123 2124 2125 2130 2132 2133 2136 2139 2141 2142 2144 2145 2147 2148 2150 2151 2153 2154 2157 2160 2163 2166 2168 2169 2172 2174 2175 2178 2180 2181 2183 2184 2185 2187 2189 2190 2191 2192 2193 2195 2196 2198 2199 2201 2202 2204 2205 2207 2208 2210 2211 2214 2217 2220 2221 2222 2223 2226 2229 2231 2232 2233 2235 2238 2240 2241 2246 2247 2249 2250 2252 2253 2254 2258 2259 2260 2261 2262 2265 2267 2268 2270 2271 2276 2277 2278 2279 2280 2282 2283 2285 2286 2287 2288 2289 2291 2292 2293 3032 3035 3038 3040 3041 3043 3046 3047 3049 3050 3052 3053 3055 3056 3058 3059 3061 3062 3064 3065 3067 3068 3070 3071 3073 3074 3076 3077 3079 3080 3083 3085 3086 3088 3089 3091 3092 3093 3094 3095 3097 3098 3100 3101 3104 3106 3107 3109 3110 3112 3113 3114 3115 3116 3118 3119 3121 3122 3124 3125 3127 3128 3130 3131 3133 3134 3136 3137 3142 3143 3145 5103 5104 5105 5106 5107 5112 5113 5115 5116 5118 5119 5121 5122 5124 5125 5127 5128 5130 5131 5133 5134 5135 5136 5137 5139 5140 5142 5145 5146 5148 5149 5151 5152 5154 5155 5157 5158 5160 5161 5163 5164 5166 5167 5169 5172 5173 5175 5176 5178 5179 5182 5184 5185 5187 5188 5190 5191 5193 5194 5196 5197 5200 5201 5202 5203 5205 5206 5208 5209 5211 5212 5214 5215 5217 5218 5220 5221 5223 5224 5226 5227 5229 5230 5232 5233 5235 5236 5238 5239 5241 5242 5244 5245 5247 5248 5251 5253 5254 5256 5257 5259 5260 5263 5265 5266 5267 5268 5269 5270 5271 5272 5274 5275 5277 5278 5280 5281 5283 5284 5286 5287 5289 5290 5292 5293 5296 5298 5299 5300 5301 5302 5304 5305 5308 5310 5311 5314 5316 5317 5319 5320 5322 5323 5325 5326 5328 5329 5331 5332 5334 5335 5337 5338 5344 5346 5347 5349 5350 5352 5353 5355 5356 5358 5359 5362 5364 5365 5371 5373 5374 5376 5377 5379 5380 5382 5383 5385 5386 5388 5389 5392 5394 5395 5397 5398 5401 5403 5404 5406 5407 5409 5410 5412 5418 5419 5421 5422 5424 5425 5427 5428 5430 5431 5433 5434 5436 5437 5440 5442 5443 5445 5446 5448 5449 5451 5454 5455 5457 5460 5461 5463 5464 5467 5470 5473 5475 5476 5478 5479 5481 5482 5484 5485 5488 5491 5492 5494 5497 5499 5500 5502 5503 5505 5506 5509 5514 5515 5521;
Charset Partition_2 = 430 454 462 922 969 994 1017 1111 1114 1115 1139 1195 1198 1294 1317 1351 1430 1480 1481 1482 1483 1484 1485 1486 1487 1488 1489 1490 1491 1492 1555 1582 1583 1612 1618 1619 1621 1624 1627 1651 1666 1672 1684 1742 1744 1756 1768 1796 1801 1804 1810 1843 1864 1867 1885 1888 1906 1909 1921 1930 1933 1948 1951 1972 1981 1999 2017 2038 2047 2098 2107 2113 2116 2149 2152 2161 2182 2188 2200 2203 2212 2215 2230 2236 2251 2263 2281 2295 2861 2863 2864 2866 2867 2869 2870 2873 2875 2876 2878 2879 2881 2882 2883 2884 2885 2886 2887 2888 2890 2891 2893 2894 2896 2897 2899 2900 2901 2902 2903 2904 2905 2906 2908 2909 2910 2911 2912 2914 2915 2917 2918 2920 2921 2923 2924 2926 2927 2929 2930 2932 2933 2935 2936 2938 2939 2940 2941 2942 2944 2945 2947 2948 2950 2951 2953 2954 2955 2956 2957 2959 2960 2961 2962 2963 2964 2965 2966 2968 2969 2971 2972 2974 2975 2977 2978 2981 2982 2983 2984 2985 2986 2987 2988 2989 2990 2992 2993 2995 2996 2998 2999 3001 3002 3004 3005 3006 3007 3008 3010 3011 3015 3016 3017 3018 3019 3020 3022 3023 3025 3028 3029 3031 3037 3039 3044 3066 3069 3082 3108 3123 3132 3135 3138 3139 3140 3144 3146 3147 3148 3149 3150 3151 3152 3154 3155 3157 3158 3160 3161 3162 3163 3164 3165 3166 3167 3168 3169 3170 3172 3173 3175 3176 3178 3179 3181 3182 3183 3184 3185 3187 3188 3190 3191 3193 3194 3196 3197 3199 3200 3202 3203 3205 3206 3208 3209 3211 3212 3214 3215 3217 3218 3220 3221 3223 3224 3226 3227 3229 3231 3233 3235 3236 3238 3239 3241 3242 3244 3245 3247 3248 3251 3253 3254 3256 3257 3259 3260 3262 3930 3931 3932 5079 5080 5082 5083 5085 5086 5088 5089 5092 5094 5095 5097 5098 5101 5109 5110 5143 5199 5204 5210 5219 5234 5246 5282 5285 5288 5307 5313 5343 5367 5368 5370 5375 5391 5413 5415 5416 5432 5439 5444 5452 5466 5469 5472 5474 5480 5487 5490 5508 5511 5512 5517 5518 5520;
Charset Partition_3 = 418 445 449 889 890 913 918 1008 1047 1110 1228 1230 1239 1287 1295 1303 1308 1441 1493 1494 1495 1496 1537 1633 1675 1735 1747 1774 1807 1852 1967 1979 1996 2020 2086 2092 2119 2284 2858 2860 2913 2916 2919 2952 2973 2976 3042 3051 3054 3063 3204 3207 3216 3222 3230 3234 3243 3261 4626 4627 4629 5087 5091 5168 5183 5231 5291 5330 5387 5390 5441 5486 5495 5507 5513 5632;
Charset Partition_4 = 894 910 911 933 945 975 993 1083 1102 1134 1248 1251 1260 1269 1296 1302 1323 1332 1398 1990 2101 2958 2980 3933 3934 4628 4630 4631 4632 4633 4634 4635 4636 4637 4638 4639 4640 4641 4642 4643 4644 4645 4646 4647 4648 4650 4651 4652 4653 4654 4655 4656 4657 4658 4659 4660 4663 4665 4666 5420 5453 5459;
Charset Partition_5 = 895 924 966 987 1005 1014 1020 1021 1029 1032 1080 1122 1123 1179 1207 1215 1249 1266 1278 1281 1293 1327 1333 1344 1356 1404 1461 1474 1479 4233 4649 4661 4662 4664 4667 4668;
Charset Partition_6 = 524 525 528 530 531 534 536 537 539 540 542 543 545 555 557 558 561 566 569 572 584 585 586 587 588 591 593 594 596 597 599 600 602 603 605 606 609 611 612 614 615 617 618 620 621 623 624 626 627 629 630 632 633 635 636 637 638 639 641 642 644 647 648 650 651 654 657 659 660 663 668 671 677 678 681 683 684 687 689 690 691 693 695 696 698 701 702 704 705 707 708 710 711 713 714 716 717 719 720 722 723 725 726 728 729 731 732 733 735 738 741 744 746 747 749 750 753 755 756 758 759 761 762 764 765 767 768 770 771 957 963 1050 1062 1068 1071 1099 1108 1113 1133 1209 1227 1326 1378 1380 1392 1401 1402 1417 1419 1422 1431 1434 1452 1778 1781 1820 1846 2002 2135 2140 2219 2507 2513 2516 2517 2518 2519 2520 2521 2522 2523 2525 2526 2528 2529 2531 2532 2534 2535 2537 2538 2540 2541 2543 2544 2546 2547 2549 2550 2552 2553 2556 2558 2559 2561 2562 2564 2565 2567 2568 2570 2571 2573 2574 2576 2577 2579 2580 2582 2583 2585 2586 2588 2589 2591 2592 2594 2595 2597 2598 2600 2601 2603 2604 2606 2607 2609 2610 2612 2613 2615 2616 2618 2619 2621 2622 2624 2625 2628 2631 2633 2634 2636 2637 2639 2640 2642 2643 2645 2646 2648 2649 2651 2652 2654 2655 2658 2660 2661 2663 2664 2666 2667 2669 2670 2672 2673 2675 2676 2678 2679 2680 2681 2682 2684 2685 2687 2688 2690 2691 2693 2694 2697 2699 2705 2706 2712 2714 2715 2717 2718 2720 2721 2722 2723 2724 2726 2727 2729 2730 2732 2733 2735 2736 2738 2739 2741 2742 2744 2745 2746 2747 2748 2750 2751 2753 2754 2756 2757 2759 2760 2762 2769 2775 2777 2778 2781 2783 2784 2786 2787 2789 2790 2792 2793 2795 2796 4596 4597 4599 4600 4601 4602 4603 4605 4606 4608 4609 4614 4615 4616 4617 4618 4620 4621 4623 4624 5757 5760 5762 5763 5766 5768 5769 5772 5774 5775 5777 5778 5781 5786 5787 5789 5790 5792 5793 5795 5796 5798 5799 5801 5802 5804 5805 5808 5810 5811 5813 5814 5819 5820 5822 5823 5826 5828 5829 5831 5832 5835 5837 5838 5841 5843 5844 5846 5847 5849 5850 5852 5853 5855 5856 5858 5859 5861 5862 5864 5865 5867 5868 5871 5874 5876 5877 5879 5880 5882 5883 5885 5886 5888 5889 5891 5892 5894 5895 5898 5901 5903 5904 5906 5907 5909 5910 5912 5913 5915 5916 5919 5921 5922 5924 5925 5927 5928 5930 5931 5933 5934 5936 5937 5940 5942 5943 5944 5945 5946 5948 5949 5951 5952 5954 5955 5957 5958 5960 5961 5966 5967 5970 5976 5981 5982 5987 5988 5991 5993 5994 5996 5997;
Charset Partition_7 = 407 408 410 414 473 491 492 494 495 497 498 500 501 503 504 506 507 508 509 510 512 513 516 518 519 521 522 552 554 567 570 573 578 645 669 672 674 680 734 737 752 773 774 776 777 778 779 780 782 783 785 786 788 792 794 795 800 801 806 807 810 812 813 816 818 881 884 886 887 897 902 978 999 1018 1077 1103 1188 1189 1206 1284 1290 1354 1369 1413 1416 1678 1708 1829 1841 1844 1868 2008 2039 2069 2127 2162 2179 2216 2484 2486 2487 2489 2490 2492 2493 2495 2496 2498 2499 2501 2502 2504 2505 2506 2508 2509 2510 2511 2514 2572 2581 2593 2627 2630 2638 2657 2674 2696 2701 2702 2711 2734 2763 2765 2766 2768 2771 2772 2780 3304 4226 4522 4524 4527 4528 4530 4531 4540 4542 4543 4545 4554 4557 4558 4566 4567 4569 4570 4572 4573 4574 4575 4576 4578 4579 4581 4582 4584 4585 4588 4590 4591 4593 4594 4612 5341 5458 5523 5524 5714 5715 5720 5721 5725 5730 5732 5733 5736 5738 5739 5742 5750 5754 5756 5784 5807 5939 5972 5978 5984 5985 5990;
Charset Partition_8 = 413 458 546 575 576 656 666 675 686 699 709 789 791 878 883 885 936 939 1086 1149 1170 1182 1218 1263 1291 1321 1362 1371 1473 1648 1789 1995 2027 2165 2170 2194 2234 2256 2274 2403 2405 2406 2408 2409 2411 2412 2415 2417 2418 2420 2421 2423 2424 2425 2426 2427 2429 2430 2432 2433 2435 2436 2438 2439 2441 2442 2445 2447 2448 2449 2450 2451 2453 2454 2456 2457 2460 2465 2468 2470 2471 2472 2474 2475 2477 2478 2480 2481 2483 2500 2578 2602 2647 2692 2703 2713 2719 2725 2761 2764 2774 3263 3265 3266 3267 3268 3269 3271 3272 3274 3275 3276 3277 3278 3280 3281 3283 3284 3286 3287 3290 3292 3293 3305 3306 3307 3309 4235 4432 4434 4437 4438 4441 4449 4450 4452 4453 4455 4456 4459 4461 4465 4467 4468 4470 4471 4473 4474 4476 4477 4479 4480 4482 4483 4486 4488 4489 4491 4492 4494 4495 4497 4498 4500 4501 4503 4504 4506 4507 4509 4510 4512 4513 4515 4516 4518 4519 4525 4534 4536 4546 4549 4552 4560 4561 4563 4564 4580 4589 4611 4619 4625 4728 4729 4731 4732 4735 4737 4738 4740 4741 4743 4744 4747 4748 4749 4750 4752 4753 4755 4758 4759 4761 4762 4764 4765 4766 4767 4768 4771 4773 4774 4776 4777 4780 4783 4785 4786 4788 4789 4791 4792 4797 4798 4800 4801 4803 4804 4806 4807 4809 4810 4812 4813 4815 4816 4821 4822 4825 4827 4828 4830 4831 4833 4834 4836 4837 4839 4840 4842 4843 4845 4846 4848 4849 4851 4852 4855 4858 4860 4861 4863 4864 4866 4867 4869 4870 4872 4873 4875 4876 4878 4879 4881 4882 4884 4885 4887 4888 4891 4893 4894 4896 4897 4899 4900 4902 4903 4905 4906 4908 4909 4911 4912 4914 4915 4917 4918 4920 4921 4923 4924 4926 4927 4929 4930 4932 4933 4936 4938 4939 4941 4942 4943 4944 4945 4947 4948 4951 4953 4954 4956 4957 4959 4960 4963 4965 4966 4968 4969 4971 4972 4974 4975 4978 4980 4981 4983 4986 4987 4990 4993 4995 4996 4998 4999 5001 5002 5007 5008 5011 5013 5014 5016 5017 5019 5020 5023 5025 5026 5028 5029 5030 5031 5170 5361 5527 5529 5530 5532 5533 5535 5536 5538 5539 5541 5542 5544 5545 5547 5548 5550 5551 5553 5554 5556 5557 5559 5560 5562 5563 5565 5566 5568 5569 5571 5572 5574 5575 5577 5578 5580 5581 5583 5584 5586 5587 5589 5590 5592 5593 5595 5596 5598 5599 5601 5602 5604 5605 5607 5608 5610 5611 5613 5614 5616 5617 5619 5620 5700 5702 5705 5706 5708 5709 5711 5712 5718 5723 5724 5729 5748 5918 5964 5969 5973 5975 5977 5979;
Charset Partition_9 = 423 440 551 556 564 581 665 797 804 845 848 849 853 854 856 857 860 862 863 865 866 868 869 872 874 875 882 888 927 960 1027 1101 1119 1311 1347 1353 1558 1597 1616 1759 1766 1784 1942 2000 2029 2080 2083 2138 2158 2173 2177 2186 2224 2248 2290 2375 2376 2378 2379 2382 2384 2385 2387 2388 2389 2390 2394 2396 2397 2399 2400 2402 2407 2414 2459 2462 2503 2512 2530 2611 2656 2709 2749 2752 2785 2797 3014 3289 3295 3296 3298 3299 3301 3302 3303 3310 3312 3313 3831 3832 3834 3835 3837 3838 3840 3841 3843 3844 3846 3847 3849 3850 3852 3853 3855 3856 3859 3862 3864 3865 3867 3868 3870 3871 3872 3873 3874 3876 3877 3879 3880 3882 3883 3885 3886 3888 3889 3891 3892 3893 3894 3895 3897 3898 3900 3901 3903 3906 3909 3910 3912 3913 3915 3916 3920 3922 3924 3925 3927 3928 4429 4443 4447 4458 4462 4490 4511 4520 4521 4532 4533 4544 4547 4551 4553 4555 4556 4559 4571 4577 4583 4586 4587 4592 4595 4598 4604 4607 4610 4613 4622 4698 4699 4701 4702 4704 4705 4707 4708 4710 4713 4716 4717 4719 4720 4722 4723 4725 4726 4746 4756 4770 4779 4782 4794 4795 4818 4819 4935 4984 4992 5004 5005 5117 5357 5526 5623 5625 5626 5628 5629 5630 5631 5696 5697 5703 5780 5854 5938 5950;
Charset Partition_10 = 105 106 108 110 111 113 114 117 119 122 123 126 128 129 131 132 134 135 137 138 140 141 143 144 150 152 153 154 155 156 158 159 161 162 164 165 167 168 173 174 176 177 179 180 182 183 186 189 198 203 204 209 210 213 219 221 222 224 225 228 230 231 234 236 237 238 239 240 243 246 248 249 251 252 254 255 258 260 269 276 278 279 285 288 290 294 296 297 299 300 302 303 306 311 312 313 314 315 318 323 324 327 333 336 344 345 347 348 357 366 374 375 377 378 380 381 383 384 386 387 389 390 392 393 395 396 398 401 402 404 405 481 579 590 628 653 754 796 798 819 821 823 827 828 829 830 832 833 835 836 838 839 841 842 844 847 850 858 873 981 1002 1033 1056 1128 1299 1360 1389 1399 1410 1440 1446 1576 1645 1687 1876 1900 2129 2156 2273 2348 2349 2351 2352 2353 2354 2355 2357 2358 2360 2361 2362 2363 2364 2366 2367 2369 2370 2372 2373 2381 2393 2395 2398 2422 2452 2463 2466 2515 2524 2539 2584 2596 2608 2614 2620 2653 2677 2716 2767 2857 2872 3013 3111 3308 3315 3316 3318 3319 3321 3322 3324 3325 3327 3328 3330 3331 3333 3334 3336 3337 3339 3340 3342 3343 3344 3345 3346 3348 3349 3354 3355 3357 3358 3360 3361 3363 3364 3366 3367 3372 3373 3376 3378 3379 3381 3382 3387 3388 3390 3391 3393 3394 3396 3397 3399 3400 3402 3403 3405 3406 3408 3409 3411 3412 3414 3415 3417 3418 3420 3421 3424 3426 3427 3429 3430 3432 3433 3435 3436 3438 3439 3441 3442 3444 3445 3448 3450 3451 3453 3454 3456 3457 3459 3460 3462 3463 3466 3468 3469 3471 3472 3475 3477 3478 3479 3480 3481 3483 3484 3486 3487 3489 3490 3492 3493 3495 3496 3498 3499 3501 3502 3504 3505 3507 3508 3510 3511 3513 3514 3516 3517 3519 3520 3522 3523 3525 3526 3528 3529 3531 3532 3534 3535 3538 3540 3541 3542 3543 3544 3546 3547 3549 3550 3552 3553 3554 3555 3556 3558 3559 3561 3562 3564 3565 3567 3568 3570 3571 3572 3573 3574 3576 3577 3579 3580 3582 3583 3585 3586 3588 3589 3591 3592 3594 3595 3597 3598 3600 3601 3603 3604 3606 3607 3609 3610 3612 3615 3616 3618 3619 3622 3624 3625 3627 3628 3630 3631 3633 3634 3637 3639 3640 3642 3643 3645 3646 3647 3648 3649 3651 3652 3653 3654 3655 3657 3658 3660 3661 3663 3664 3666 3667 3669 3670 3672 3673 3675 3676 3678 3679 3681 3682 3684 3685 3687 3688 3690 3691 3693 3694 3696 3697 3699 3700 3702 3705 3706 3709 3711 3712 3717 3718 3720 3721 3723 3724 3726 3727 3729 3730 3732 3733 3735 3736 3738 3739 3741 3742 3743 3744 3745 3747 3748 3750 3751 3753 3754 3756 3757 3759 3760 3763 3765 3766 3768 3769 3772 3774 3775 3777 3780 3781 3783 3784 3786 3787 3789 3790 3792 3793 3795 3796 3798 3799 3801 3802 3804 3805 3807 3808 3810 3811 3813 3814 3817 3819 3820 3823 3826 3828 3829 3851 3887 3904 3918 3919 3923 3926 3936 3937 3943 4356 4359 4366 4368 4369 4372 4374 4375 4378 4380 4383 4384 4385 4386 4389 4390 4393 4395 4396 4401 4402 4404 4405 4408 4410 4411 4413 4414 4416 4417 4419 4420 4423 4425 4426 4446 4485 4496 4508 4514 4517 4523 4526 4529 4537 4539 4541 4548 4550 4562 4565 4568 4693 4695 4711 4854 4857 4898 4950 4962 5010 5165 5250 5273 5483 5498 5525 5612 5621 5633 5693 5726 5727 5735 5745 5747 5776 5783 5791 5857 5863 5911 5947 5962 5995;
Charset Partition_11 = 72 74 75 77 78 80 81 83 84 85 86 87 89 90 92 93 95 96 98 99 101 102 104 125 147 170 171 200 207 218 270 282 287 320 330 339 342 360 363 399 421 505 610 658 667 769 824 834 837 851 942 1035 1089 1125 1365 1386 1449 1497 1498 1499 1500 1505 1506 1510 1511 1512 1513 1515 1517 1518 1520 1521 1523 1524 1526 1527 1529 1530 1531 1532 1548 1550 1551 1615 1657 1723 1787 1816 1837 1840 1915 1982 1992 2062 2126 2228 2296 2297 2298 2300 2301 2302 2303 2304 2305 2306 2307 2309 2310 2312 2313 2341 2342 2343 2344 2345 2346 2356 2377 2391 2413 2428 2469 2482 2554 2555 2605 2659 2755 2773 2791 2849 2852 2880 2907 3012 3177 3192 3246 3311 3314 3326 3362 3370 3386 3419 3440 3455 3537 3539 3545 3557 3611 3613 3617 3621 3635 3650 3703 3714 3715 3728 3734 3737 3746 3762 3767 3778 3782 3791 3809 3812 3816 3821 3822 3825 3827 3833 3836 3857 3858 3860 3861 3866 3869 3875 3878 3881 3890 3896 3899 3905 3907 3914 3917 3921 3929 3940 3942 3945 3946 3949 3951 3952 3954 3955 4003 4005 4006 4008 4009 4011 4012 4014 4015 4018 4020 4021 4023 4024 4026 4027 4029 4030 4032 4033 4036 4039 4041 4042 4044 4045 4047 4048 4050 4051 4053 4054 4056 4057 4059 4060 4062 4063 4065 4066 4068 4069 4071 4072 4074 4075 4077 4078 4080 4081 4083 4084 4090 4092 4093 4095 4096 4098 4099 4101 4102 4104 4105 4108 4110 4111 4114 4116 4117 4118 4119 4120 4121 4125 4126 4128 4129 4131 4132 4134 4135 4137 4138 4140 4141 4143 4144 4145 4146 4147 4149 4150 4152 4153 4155 4156 4158 4159 4161 4162 4164 4165 4167 4168 4171 4173 4174 4176 4177 4179 4180 4182 4183 4185 4186 4188 4189 4192 4194 4195 4197 4198 4201 4204 4206 4207 4209 4210 4212 4213 4215 4216 4217 4218 4219 4222 4224 4225 4227 4228 4230 4231 4234 4236 4237 4239 4240 4242 4243 4245 4246 4249 4251 4252 4254 4255 4257 4258 4260 4261 4263 4264 4266 4267 4269 4270 4272 4273 4275 4279 4281 4282 4284 4285 4288 4293 4294 4296 4300 4303 4311 4327 4347 4353 4354 4360 4363 4371 4392 4398 4399 4422 4435 4442 4448 4451 4463 4469 4475 4478 4493 4499 4538 4669 4690 4692 4696 4714 4760 4829 5022 5077 5084 5249 5258 5327 5423 5531 5561 5594 5634 5637 5639 5640 5642 5643 5691 5803 5824 5825 5893 5905 5908;
Charset Partition_12 = 6 27 29 30 33 36 37 38 39 47 48 50 51 59 60 62 63 66 68 71 107 120 163 191 192 197 201 227 261 264 266 267 291 305 329 332 335 350 362 411 484 515 544 559 560 582 634 662 692 743 751 864 1053 1084 1087 1137 1143 1176 1341 1350 1359 1428 1501 1502 1503 1507 1509 1514 1516 1525 1533 1535 1538 1539 1541 1542 1544 1545 1547 1604 1609 1639 1642 1828 1879 1924 1957 2206 2237 2299 2311 2314 2315 2316 2327 2328 2330 2331 2334 2336 2337 2339 2340 2347 2401 2434 2476 2497 2548 2560 2623 2635 2650 2683 2695 2798 2800 2801 2803 2804 2806 2807 2808 2809 2810 2812 2813 2815 2816 2819 2821 2822 2824 2825 2827 2828 2830 2848 2855 2949 3084 3120 3232 3250 3252 3317 3347 3351 3352 3374 3375 3389 3395 3401 3410 3416 3422 3423 3447 3452 3458 3465 3473 3482 3512 3524 3533 3536 3548 3563 3569 3575 3632 3636 3656 3671 3698 3704 3707 3708 3719 3722 3731 3749 3755 3758 3761 3764 3771 3773 3785 3788 3794 3797 3800 3803 3815 3818 3830 3839 3842 3845 3848 3854 3863 3884 3902 3908 3911 3938 3947 3969 3972 3973 3976 3979 3981 3982 3984 3985 3988 3991 3993 3994 4017 4122 4248 4276 4278 4302 4306 4309 4326 4342 4345 4348 4358 4362 4428 4431 4433 4436 4440 4444 4454 4464 4484 4487 4502 4505 4535 4672 4677 4678 4680 4689 4733 5015 5033 5034 5036 5056 5061 5062 5064 5065 5068 5070 5073 5076 5096 5144 5150 5171 5189 5264 5381 5489 5493 5537 5570 5588 5606 5636 5645 5646 5648 5649 5651 5652 5653 5654 5655 5656 5658 5661 5663 5664 5666 5669 5670 5673 5694 5744 5751 5759 5765 5782 5866 5920 5953;
Charset Partition_13 = 2 3 8 9 11 12 14 15 17 18 20 21 23 24 26 35 42 45 53 65 69 100 130 185 326 341 351 353 368 487 548 673 815 822 846 877 879 912 1105 1161 1212 1245 1304 1363 1464 1504 1508 1522 1536 1546 1552 1882 1903 1952 1954 1991 2159 2171 2218 2308 2318 2319 2320 2321 2322 2325 2333 2368 2374 2380 2386 2444 2455 2485 2551 2569 2689 2700 2710 2728 2834 2837 2839 2840 2842 2843 2845 2846 2854 2898 3024 3027 3081 3129 3228 3300 3320 3323 3329 3332 3335 3341 3350 3353 3365 3369 3377 3384 3392 3404 3407 3428 3431 3437 3443 3446 3449 3470 3474 3485 3491 3494 3497 3500 3506 3509 3530 3551 3560 3566 3620 3623 3629 3644 3668 3677 3680 3686 3710 3713 3716 3725 3740 3752 3770 3776 3779 3806 3824 3935 3939 3941 3948 3953 3956 3957 3958 3961 3963 3964 3966 3967 3978 3987 3990 3999 4000 4123 4170 4191 4314 4315 4336 4357 4365 4377 4430 4445 4457 4460 4472 4481 4681 4684 4686 4712 4734 4871 4880 4934 5035 5037 5038 5039 5040 5044 5046 5047 5071 5074 5108 5162 5180 5181 5294 5295 5342 5405 5635 5644 5667 5675 5676 5678 5679 5681 5682 5684 5688 5752 5764 5770 5800 5818 5833 5929 5935;
Charset Partition_14 = 44 54 142 195 331 359 371 372 382 400 403 460 527 562 631 640 706 739 748 766 781 826 840 871 951 1168 1194 1254 1300 1425 1455 1462 1528 1534 1567 1717 1769 1795 1849 1913 1946 2018 2089 2131 2255 2317 2324 2335 2404 2479 2587 2632 2698 2707 2817 2836 2850 2874 2892 3026 3338 3356 3359 3385 3398 3413 3425 3434 3461 3464 3476 3515 3518 3521 3527 3578 3581 3584 3587 3590 3593 3599 3602 3605 3608 3614 3626 3638 3641 3659 3665 3683 3689 3692 3695 3701 3944 3950 3970 3983 4038 4107 4113 4200 4221 4290 4329 4391 4421 4439 4466 4674 4675 4687 4718 4802 4805 4814 4895 4925 4931 5052 5059 5075 5100 5225 5354 5393 5414 5447 5501 5549 5615 5618 5641 5657 5660 5665 5672 5685 5698 5785 5897 5900 5998;
Charset Partition_15 = 5 57 70 160 205 233 263 281 365 446 451 514 565 608 700 703 730 790 799 809 880 900 909 1011 1026 1116 1191 1357 1407 1437 1519 1561 1573 1588 1738 1751 1786 1894 1963 1985 2035 2050 2266 2272 2294 2338 2359 2365 2431 2473 2488 2590 2671 2731 2799 2818 2831 2832 2877 2994 2997 3009 3156 3180 3186 3240 3288 3368 3380 3383 3467 3488 3503 3596 3662 3674 3971 4064 4087 4241 4262 4265 4287 4317 4318 4338 4344 4351 4387 4388 4406 4407 4671 4683 4715 4820 4949 5009 5018 5032 5041 5042 5043 5054 5055 5067 5078 5147 5198 5324 5336 5360 5363 5408 5456 5552 5558 5582 5638 5650 5659 5662 5668 5671 5734 5779 5941;
Charset Partition_16 = 10 25 32 40 91 118 146 188 215 216 241 307 431 490 532 533 580 607 619 670 679 724 757 784 787 903 1098 1167 1222 1224 1257 1275 1305 1368 1377 1467 1660 1693 1770 1819 1871 1918 1927 1945 1978 2077 2137 2326 2332 2419 2458 2467 2491 2545 2566 2575 2626 2779 2802 2805 2820 2826 2833 2841 2922 2925 3087 3153 3270 3371 3965 3974 3977 4002 4031 4043 4086 4187 4203 4308 4330 4335 4412 4415 4769 4808 4928 4958 5006 5123 5213 5240 5340 5348 5417 5496 5609 5627 5771 5870 5873 5890 5963 5971 5980;
Charset Partition_17 = 4 13 56 58 88 116 178 202 217 257 272 309 343 385 397 523 592 661 718 736 740 831 843 891 1038 1044 1107 1158 1329 1443 1540 1600 1654 1696 1762 1771 1822 1825 1870 1897 1936 1975 1984 2032 2167 2176 2392 2440 2617 2629 2644 2770 2811 2829 2835 2934 3075 3126 3171 3291 3297 3968 3975 4022 4103 4112 4184 4333 4361 4376 4381 4409 4670 4697 4757 4763 4778 4793 4799 4811 4832 4904 4955 4961 4976 4977 4985 4988 5049 5051 5057 5081 5099 5129 5132 5195 5255 5262 5279 5399 5450 5516 5573 5647 5674 5686 5690 5704 5717 5753 5794 5806 5840 5902 5974;
Charset Partition_18 = 7 34 55 127 136 139 181 206 220 232 245 308 316 317 325 338 406 457 459 475 502 541 563 652 682 697 760 825 984 1140 1146 1185 1197 1200 1236 1315 1320 1335 1374 1458 1543 1579 1720 1776 1873 2143 2146 2197 2225 2243 2244 2264 2323 2329 2410 2437 2542 2563 2686 2704 2740 2794 2814 2823 3174 3258 3264 3273 3294 3959 3960 3989 4025 4046 4085 4100 4124 4196 4250 4299 4364 4367 4418 4679 4745 4775 4844 4847 4853 4907 5053 5060 5090 5114 5222 5309 5321 5339 5426 5546 5564 5622 5788 5881 5917;
Charset Partition_19 = 1 41 49 52 64 79 121 149 212 229 262 271 284 293 301 310 352 356 364 379 391 394 424 427 433 526 535 568 598 727 793 803 805 867 948 954 1023 1041 1203 1272 1338 1699 1753 1783 1891 1940 2209 2213 2245 2371 2383 2416 2446 2662 2788 2862 3078 3198 3210 3279 3282 4035 4040 4058 4091 4127 4169 4297 4304 4332 4350 4370 4382 4394 4397 4403 4424 4676 4754 4772 4826 4886 4964 4967 4989 5045 5050 5058 5111 5138 5177 5237 5366 5471 5510 5534 5567 5699;
Charset Partition_20 = 16 19 22 28 31 43 46 61 67 73 76 82 94 97 103 109 112 115 124 133 145 148 151 157 166 169 172 175 184 187 190 193 194 196 199 208 211 214 223 226 235 242 244 247 250 253 256 259 265 268 273 274 275 277 280 283 286 289 292 295 298 304 319 321 322 328 334 337 340 346 349 354 355 358 361 367 369 370 373 376 388 409 412 415 436 439 442 448 461 463 466 469 472 478 493 496 499 511 517 520 529 538 547 549 550 553 571 574 577 583 589 595 601 604 613 616 622 625 643 646 649 655 664 676 685 688 694 712 715 721 742 745 763 772 775 802 808 811 814 817 820 852 855 859 861 870 876 906 921 990 1059 1092 1095 1104 1155 1164 1173 1221 1233 1242 1383 1395 1549 1681 1690 1711 1714 1750 1777 1780 1834 1855 1858 1912 1966 1983 1993 1997 2044 2053 2068 2074 2095 2104 2110 2128 2134 2155 2164 2227 2239 2242 2257 2269 2275 2350 2443 2461 2464 2494 2527 2533 2536 2557 2599 2641 2665 2668 2708 2737 2743 2758 2776 2782 2838 2844 2847 2851 2853 2856 2859 2865 2868 2871 2889 2895 2928 2931 2937 2943 2946 2967 2970 2979 2991 3000 3003 3021 3030 3033 3034 3036 3045 3048 3057 3060 3072 3090 3096 3099 3102 3103 3105 3117 3141 3159 3189 3195 3201 3213 3219 3225 3237 3249 3255 3285 3962 3980 3986 3992 3995 3996 3997 3998 4001 4004 4007 4010 4013 4016 4019 4028 4034 4037 4049 4052 4055 4061 4067 4070 4073 4076 4079 4082 4088 4089 4094 4097 4106 4109 4115 4130 4133 4136 4139 4142 4148 4151 4154 4157 4160 4163 4166 4172 4175 4178 4181 4190 4193 4199 4202 4205 4208 4211 4214 4220 4223 4229 4232 4238 4244 4247 4253 4256 4259 4268 4271 4274 4277 4280 4283 4286 4289 4291 4292 4295 4298 4301 4305 4307 4310 4312 4313 4316 4319 4320 4321 4322 4323 4324 4325 4328 4331 4334 4337 4339 4340 4341 4343 4346 4349 4352 4355 4373 4379 4400 4427 4673 4682 4685 4688 4691 4694 4700 4703 4706 4709 4721 4724 4727 4730 4736 4739 4742 4751 4781 4784 4787 4790 4796 4817 4823 4824 4835 4838 4841 4850 4856 4859 4862 4865 4868 4874 4877 4883 4889 4890 4892 4901 4910 4913 4916 4919 4922 4937 4940 4946 4952 4970 4973 4979 4982 4991 4994 4997 5000 5003 5012 5021 5024 5027 5048 5063 5066 5069 5072 5093 5102 5120 5126 5141 5153 5156 5159 5174 5186 5192 5207 5216 5228 5243 5252 5261 5276 5297 5303 5306 5312 5315 5318 5333 5345 5351 5369 5372 5378 5384 5396 5400 5402 5411 5429 5435 5438 5462 5465 5468 5477 5504 5519 5522 5528 5540 5543 5555 5576 5579 5585 5591 5597 5600 5603 5624 5677 5680 5683 5687 5689 5692 5695 5701 5707 5710 5713 5716 5719 5722 5728 5731 5737 5740 5741 5743 5746 5749 5755 5758 5761 5767 5773 5797 5809 5812 5815 5816 5817 5821 5827 5830 5834 5836 5839 5842 5845 5848 5851 5860 5869 5872 5875 5878 5884 5887 5896 5899 5914 5923 5926 5932 5956 5959 5965 5968 5983 5986 5989 5992;
partition Partitions = 20: Partition_1, Partition_2, Partition_3, Partition_4, Partition_5, Partition_6, Partition_7, Partition_8, Partition_9, Partition_10, Partition_11, Partition_12, Partition_13, Partition_14, Partition_15, Partition_16, Partition_17, Partition_18, Partition_19, Partition_20;
set partition = Partitions;


PHYLIP  style
DNA, Partition_1 = 416, 417, 419, 420, 422, 425, 426, 428, 429, 432, 434, 435, 437, 438, 441, 443, 444, 447, 450, 452, 453, 455, 456, 464, 465, 467, 468, 470, 471, 474, 476, 477, 479, 480, 482, 483, 485, 486, 488, 489, 892, 893, 896, 898, 899, 901, 904, 905, 907, 908, 914, 915, 916, 917, 919, 920, 923, 925, 926, 928, 929, 930, 931, 932, 934, 935, 937, 938, 940, 941, 943, 944, 946, 947, 949, 950, 952, 953, 955, 956, 958, 959, 961, 962, 964, 965, 967, 968, 970, 971, 972, 973, 974, 976, 977, 979, 980, 982, 983, 985, 986, 988, 989, 991, 992, 995, 996, 997, 998, 1000, 1001, 1003, 1004, 1006, 1007, 1009, 1010, 1012, 1013, 1015, 1016, 1019, 1022, 1024, 1025, 1028, 1030, 1031, 1034, 1036, 1037, 1039, 1040, 1042, 1043, 1045, 1046, 1048, 1049, 1051, 1052, 1054, 1055, 1057, 1058, 1060, 1061, 1063, 1064, 1065, 1066, 1067, 1069, 1070, 1072, 1073, 1074, 1075, 1076, 1078, 1079, 1081, 1082, 1085, 1088, 1090, 1091, 1093, 1094, 1096, 1097, 1100, 1106, 1109, 1112, 1117, 1118, 1120, 1121, 1124, 1126, 1127, 1129, 1130, 1131, 1132, 1135, 1136, 1138, 1141, 1142, 1144, 1145, 1147, 1148, 1150, 1151, 1152, 1153, 1154, 1156, 1157, 1159, 1160, 1162, 1163, 1165, 1166, 1169, 1171, 1172, 1174, 1175, 1177, 1178, 1180, 1181, 1183, 1184, 1186, 1187, 1190, 1192, 1193, 1196, 1199, 1201, 1202, 1204, 1205, 1208, 1210, 1211, 1213, 1214, 1216, 1217, 1219, 1220, 1223, 1225, 1226, 1229, 1231, 1232, 1234, 1235, 1237, 1238, 1240, 1241, 1243, 1244, 1246, 1247, 1250, 1252, 1253, 1255, 1256, 1258, 1259, 1261, 1262, 1264, 1265, 1267, 1268, 1270, 1271, 1273, 1274, 1276, 1277, 1279, 1280, 1282, 1283, 1285, 1286, 1288, 1289, 1292, 1297, 1298, 1301, 1306, 1307, 1309, 1310, 1312, 1313, 1314, 1316, 1318, 1319, 1322, 1324, 1325, 1328, 1330, 1331, 1334, 1336, 1337, 1339, 1340, 1342, 1343, 1345, 1346, 1348, 1349, 1352, 1355, 1358, 1361, 1364, 1366, 1367, 1370, 1372, 1373, 1375, 1376, 1379, 1381, 1382, 1384, 1385, 1387, 1388, 1390, 1391, 1393, 1394, 1396, 1397, 1400, 1403, 1405, 1406, 1408, 1409, 1411, 1412, 1414, 1415, 1418, 1420, 1421, 1423, 1424, 1426, 1427, 1429, 1432, 1433, 1435, 1436, 1438, 1439, 1442, 1444, 1445, 1447, 1448, 1450, 1451, 1453, 1454, 1456, 1457, 1459, 1460, 1463, 1465, 1466, 1468, 1469, 1470, 1471, 1472, 1475, 1476, 1477, 1478, 1553, 1554, 1556, 1557, 1559, 1560, 1562, 1563, 1564, 1565, 1566, 1568, 1569, 1570, 1571, 1572, 1574, 1575, 1577, 1578, 1580, 1581, 1584, 1585, 1586, 1587, 1589, 1590, 1591, 1592, 1593, 1594, 1595, 1596, 1598, 1599, 1601, 1602, 1603, 1605, 1606, 1607, 1608, 1610, 1611, 1613, 1614, 1617, 1620, 1622, 1623, 1625, 1626, 1628, 1629, 1630, 1631, 1632, 1634, 1635, 1636, 1637, 1638, 1640, 1641, 1643, 1644, 1646, 1647, 1649, 1650, 1652, 1653, 1655, 1656, 1658, 1659, 1661, 1662, 1663, 1664, 1665, 1667, 1668, 1669, 1670, 1671, 1673, 1674, 1676, 1677, 1679, 1680, 1682, 1683, 1685, 1686, 1688, 1689, 1691, 1692, 1694, 1695, 1697, 1698, 1700, 1701, 1702, 1703, 1704, 1705, 1706, 1707, 1709, 1710, 1712, 1713, 1715, 1716, 1718, 1719, 1721, 1722, 1724, 1725, 1726, 1727, 1728, 1729, 1730, 1731, 1732, 1733, 1734, 1736, 1737, 1739, 1740, 1741, 1743, 1745, 1746, 1748, 1749, 1752, 1754, 1755, 1757, 1758, 1760, 1761, 1763, 1764, 1765, 1767, 1772, 1773, 1775, 1779, 1782, 1785, 1788, 1790, 1791, 1792, 1793, 1794, 1797, 1798, 1799, 1800, 1802, 1803, 1805, 1806, 1808, 1809, 1811, 1812, 1813, 1814, 1815, 1817, 1818, 1821, 1823, 1824, 1826, 1827, 1830, 1831, 1832, 1833, 1835, 1836, 1838, 1839, 1842, 1845, 1847, 1848, 1850, 1851, 1853, 1854, 1856, 1857, 1859, 1860, 1861, 1862, 1863, 1865, 1866, 1869, 1872, 1874, 1875, 1877, 1878, 1880, 1881, 1883, 1884, 1886, 1887, 1889, 1890, 1892, 1893, 1895, 1896, 1898, 1899, 1901, 1902, 1904, 1905, 1907, 1908, 1910, 1911, 1914, 1916, 1917, 1919, 1920, 1922, 1923, 1925, 1926, 1928, 1929, 1931, 1932, 1934, 1935, 1937, 1938, 1939, 1941, 1943, 1944, 1947, 1949, 1950, 1953, 1955, 1956, 1958, 1959, 1960, 1961, 1962, 1964, 1965, 1968, 1969, 1970, 1971, 1973, 1974, 1976, 1977, 1980, 1986, 1987, 1988, 1989, 1994, 1998, 2001, 2003, 2004, 2005, 2006, 2007, 2009, 2010, 2011, 2012, 2013, 2014, 2015, 2016, 2019, 2021, 2022, 2023, 2024, 2025, 2026, 2028, 2030, 2031, 2033, 2034, 2036, 2037, 2040, 2041, 2042, 2043, 2045, 2046, 2048, 2049, 2051, 2052, 2054, 2055, 2056, 2057, 2058, 2059, 2060, 2061, 2063, 2064, 2065, 2066, 2067, 2070, 2071, 2072, 2073, 2075, 2076, 2078, 2079, 2081, 2082, 2084, 2085, 2087, 2088, 2090, 2091, 2093, 2094, 2096, 2097, 2099, 2100, 2102, 2103, 2105, 2106, 2108, 2109, 2111, 2112, 2114, 2115, 2117, 2118, 2120, 2121, 2122, 2123, 2124, 2125, 2130, 2132, 2133, 2136, 2139, 2141, 2142, 2144, 2145, 2147, 2148, 2150, 2151, 2153, 2154, 2157, 2160, 2163, 2166, 2168, 2169, 2172, 2174, 2175, 2178, 2180, 2181, 2183, 2184, 2185, 2187, 2189, 2190, 2191, 2192, 2193, 2195, 2196, 2198, 2199, 2201, 2202, 2204, 2205, 2207, 2208, 2210, 2211, 2214, 2217, 2220, 2221, 2222, 2223, 2226, 2229, 2231, 2232, 2233, 2235, 2238, 2240, 2241, 2246, 2247, 2249, 2250, 2252, 2253, 2254, 2258, 2259, 2260, 2261, 2262, 2265, 2267, 2268, 2270, 2271, 2276, 2277, 2278, 2279, 2280, 2282, 2283, 2285, 2286, 2287, 2288, 2289, 2291, 2292, 2293, 3032, 3035, 3038, 3040, 3041, 3043, 3046, 3047, 3049, 3050, 3052, 3053, 3055, 3056, 3058, 3059, 3061, 3062, 3064, 3065, 3067, 3068, 3070, 3071, 3073, 3074, 3076, 3077, 3079, 3080, 3083, 3085, 3086, 3088, 3089, 3091, 3092, 3093, 3094, 3095, 3097, 3098, 3100, 3101, 3104, 3106, 3107, 3109, 3110, 3112, 3113, 3114, 3115, 3116, 3118, 3119, 3121, 3122, 3124, 3125, 3127, 3128, 3130, 3131, 3133, 3134, 3136, 3137, 3142, 3143, 3145, 5103, 5104, 5105, 5106, 5107, 5112, 5113, 5115, 5116, 5118, 5119, 5121, 5122, 5124, 5125, 5127, 5128, 5130, 5131, 5133, 5134, 5135, 5136, 5137, 5139, 5140, 5142, 5145, 5146, 5148, 5149, 5151, 5152, 5154, 5155, 5157, 5158, 5160, 5161, 5163, 5164, 5166, 5167, 5169, 5172, 5173, 5175, 5176, 5178, 5179, 5182, 5184, 5185, 5187, 5188, 5190, 5191, 5193, 5194, 5196, 5197, 5200, 5201, 5202, 5203, 5205, 5206, 5208, 5209, 5211, 5212, 5214, 5215, 5217, 5218, 5220, 5221, 5223, 5224, 5226, 5227, 5229, 5230, 5232, 5233, 5235, 5236, 5238, 5239, 5241, 5242, 5244, 5245, 5247, 5248, 5251, 5253, 5254, 5256, 5257, 5259, 5260, 5263, 5265, 5266, 5267, 5268, 5269, 5270, 5271, 5272, 5274, 5275, 5277, 5278, 5280, 5281, 5283, 5284, 5286, 5287, 5289, 5290, 5292, 5293, 5296, 5298, 5299, 5300, 5301, 5302, 5304, 5305, 5308, 5310, 5311, 5314, 5316, 5317, 5319, 5320, 5322, 5323, 5325, 5326, 5328, 5329, 5331, 5332, 5334, 5335, 5337, 5338, 5344, 5346, 5347, 5349, 5350, 5352, 5353, 5355, 5356, 5358, 5359, 5362, 5364, 5365, 5371, 5373, 5374, 5376, 5377, 5379, 5380, 5382, 5383, 5385, 5386, 5388, 5389, 5392, 5394, 5395, 5397, 5398, 5401, 5403, 5404, 5406, 5407, 5409, 5410, 5412, 5418, 5419, 5421, 5422, 5424, 5425, 5427, 5428, 5430, 5431, 5433, 5434, 5436, 5437, 5440, 5442, 5443, 5445, 5446, 5448, 5449, 5451, 5454, 5455, 5457, 5460, 5461, 5463, 5464, 5467, 5470, 5473, 5475, 5476, 5478, 5479, 5481, 5482, 5484, 5485, 5488, 5491, 5492, 5494, 5497, 5499, 5500, 5502, 5503, 5505, 5506, 5509, 5514, 5515, 5521
DNA, Partition_2 = 430, 454, 462, 922, 969, 994, 1017, 1111, 1114, 1115, 1139, 1195, 1198, 1294, 1317, 1351, 1430, 1480, 1481, 1482, 1483, 1484, 1485, 1486, 1487, 1488, 1489, 1490, 1491, 1492, 1555, 1582, 1583, 1612, 1618, 1619, 1621, 1624, 1627, 1651, 1666, 1672, 1684, 1742, 1744, 1756, 1768, 1796, 1801, 1804, 1810, 1843, 1864, 1867, 1885, 1888, 1906, 1909, 1921, 1930, 1933, 1948, 1951, 1972, 1981, 1999, 2017, 2038, 2047, 2098, 2107, 2113, 2116, 2149, 2152, 2161, 2182, 2188, 2200, 2203, 2212, 2215, 2230, 2236, 2251, 2263, 2281, 2295, 2861, 2863, 2864, 2866, 2867, 2869, 2870, 2873, 2875, 2876, 2878, 2879, 2881, 2882, 2883, 2884, 2885, 2886, 2887, 2888, 2890, 2891, 2893, 2894, 2896, 2897, 2899, 2900, 2901, 2902, 2903, 2904, 2905, 2906, 2908, 2909, 2910, 2911, 2912, 2914, 2915, 2917, 2918, 2920, 2921, 2923, 2924, 2926, 2927, 2929, 2930, 2932, 2933, 2935, 2936, 2938, 2939, 2940, 2941, 2942, 2944, 2945, 2947, 2948, 2950, 2951, 2953, 2954, 2955, 2956, 2957, 2959, 2960, 2961, 2962, 2963, 2964, 2965, 2966, 2968, 2969, 2971, 2972, 2974, 2975, 2977, 2978, 2981, 2982, 2983, 2984, 2985, 2986, 2987, 2988, 2989, 2990, 2992, 2993, 2995, 2996, 2998, 2999, 3001, 3002, 3004, 3005, 3006, 3007, 3008, 3010, 3011, 3015, 3016, 3017, 3018, 3019, 3020, 3022, 3023, 3025, 3028, 3029, 3031, 3037, 3039, 3044, 3066, 3069, 3082, 3108, 3123, 3132, 3135, 3138, 3139, 3140, 3144, 3146, 3147, 3148, 3149, 3150, 3151, 3152, 3154, 3155, 3157, 3158, 3160, 3161, 3162, 3163, 3164, 3165, 3166, 3167, 3168, 3169, 3170, 3172, 3173, 3175, 3176, 3178, 3179, 3181, 3182, 3183, 3184, 3185, 3187, 3188, 3190, 3191, 3193, 3194, 3196, 3197, 3199, 3200, 3202, 3203, 3205, 3206, 3208, 3209, 3211, 3212, 3214, 3215, 3217, 3218, 3220, 3221, 3223, 3224, 3226, 3227, 3229, 3231, 3233, 3235, 3236, 3238, 3239, 3241, 3242, 3244, 3245, 3247, 3248, 3251, 3253, 3254, 3256, 3257, 3259, 3260, 3262, 3930, 3931, 3932, 5079, 5080, 5082, 5083, 5085, 5086, 5088, 5089, 5092, 5094, 5095, 5097, 5098, 5101, 5109, 5110, 5143, 5199, 5204, 5210, 5219, 5234, 5246, 5282, 5285, 5288, 5307, 5313, 5343, 5367, 5368, 5370, 5375, 5391, 5413, 5415, 5416, 5432, 5439, 5444, 5452, 5466, 5469, 5472, 5474, 5480, 5487, 5490, 5508, 5511, 5512, 5517, 5518, 5520
DNA, Partition_3 = 418, 445, 449, 889, 890, 913, 918, 1008, 1047, 1110, 1228, 1230, 1239, 1287, 1295, 1303, 1308, 1441, 1493, 1494, 1495, 1496, 1537, 1633, 1675, 1735, 1747, 1774, 1807, 1852, 1967, 1979, 1996, 2020, 2086, 2092, 2119, 2284, 2858, 2860, 2913, 2916, 2919, 2952, 2973, 2976, 3042, 3051, 3054, 3063, 3204, 3207, 3216, 3222, 3230, 3234, 3243, 3261, 4626, 4627, 4629, 5087, 5091, 5168, 5183, 5231, 5291, 5330, 5387, 5390, 5441, 5486, 5495, 5507, 5513, 5632
DNA, Partition_4 = 894, 910, 911, 933, 945, 975, 993, 1083, 1102, 1134, 1248, 1251, 1260, 1269, 1296, 1302, 1323, 1332, 1398, 1990, 2101, 2958, 2980, 3933, 3934, 4628, 4630, 4631, 4632, 4633, 4634, 4635, 4636, 4637, 4638, 4639, 4640, 4641, 4642, 4643, 4644, 4645, 4646, 4647, 4648, 4650, 4651, 4652, 4653, 4654, 4655, 4656, 4657, 4658, 4659, 4660, 4663, 4665, 4666, 5420, 5453, 5459
DNA, Partition_5 = 895, 924, 966, 987, 1005, 1014, 1020, 1021, 1029, 1032, 1080, 1122, 1123, 1179, 1207, 1215, 1249, 1266, 1278, 1281, 1293, 1327, 1333, 1344, 1356, 1404, 1461, 1474, 1479, 4233, 4649, 4661, 4662, 4664, 4667, 4668
DNA, Partition_6 = 524, 525, 528, 530, 531, 534, 536, 537, 539, 540, 542, 543, 545, 555, 557, 558, 561, 566, 569, 572, 584, 585, 586, 587, 588, 591, 593, 594, 596, 597, 599, 600, 602, 603, 605, 606, 609, 611, 612, 614, 615, 617, 618, 620, 621, 623, 624, 626, 627, 629, 630, 632, 633, 635, 636, 637, 638, 639, 641, 642, 644, 647, 648, 650, 651, 654, 657, 659, 660, 663, 668, 671, 677, 678, 681, 683, 684, 687, 689, 690, 691, 693, 695, 696, 698, 701, 702, 704, 705, 707, 708, 710, 711, 713, 714, 716, 717, 719, 720, 722, 723, 725, 726, 728, 729, 731, 732, 733, 735, 738, 741, 744, 746, 747, 749, 750, 753, 755, 756, 758, 759, 761, 762, 764, 765, 767, 768, 770, 771, 957, 963, 1050, 1062, 1068, 1071, 1099, 1108, 1113, 1133, 1209, 1227, 1326, 1378, 1380, 1392, 1401, 1402, 1417, 1419, 1422, 1431, 1434, 1452, 1778, 1781, 1820, 1846, 2002, 2135, 2140, 2219, 2507, 2513, 2516, 2517, 2518, 2519, 2520, 2521, 2522, 2523, 2525, 2526, 2528, 2529, 2531, 2532, 2534, 2535, 2537, 2538, 2540, 2541, 2543, 2544, 2546, 2547, 2549, 2550, 2552, 2553, 2556, 2558, 2559, 2561, 2562, 2564, 2565, 2567, 2568, 2570, 2571, 2573, 2574, 2576, 2577, 2579, 2580, 2582, 2583, 2585, 2586, 2588, 2589, 2591, 2592, 2594, 2595, 2597, 2598, 2600, 2601, 2603, 2604, 2606, 2607, 2609, 2610, 2612, 2613, 2615, 2616, 2618, 2619, 2621, 2622, 2624, 2625, 2628, 2631, 2633, 2634, 2636, 2637, 2639, 2640, 2642, 2643, 2645, 2646, 2648, 2649, 2651, 2652, 2654, 2655, 2658, 2660, 2661, 2663, 2664, 2666, 2667, 2669, 2670, 2672, 2673, 2675, 2676, 2678, 2679, 2680, 2681, 2682, 2684, 2685, 2687, 2688, 2690, 2691, 2693, 2694, 2697, 2699, 2705, 2706, 2712, 2714, 2715, 2717, 2718, 2720, 2721, 2722, 2723, 2724, 2726, 2727, 2729, 2730, 2732, 2733, 2735, 2736, 2738, 2739, 2741, 2742, 2744, 2745, 2746, 2747, 2748, 2750, 2751, 2753, 2754, 2756, 2757, 2759, 2760, 2762, 2769, 2775, 2777, 2778, 2781, 2783, 2784, 2786, 2787, 2789, 2790, 2792, 2793, 2795, 2796, 4596, 4597, 4599, 4600, 4601, 4602, 4603, 4605, 4606, 4608, 4609, 4614, 4615, 4616, 4617, 4618, 4620, 4621, 4623, 4624, 5757, 5760, 5762, 5763, 5766, 5768, 5769, 5772, 5774, 5775, 5777, 5778, 5781, 5786, 5787, 5789, 5790, 5792, 5793, 5795, 5796, 5798, 5799, 5801, 5802, 5804, 5805, 5808, 5810, 5811, 5813, 5814, 5819, 5820, 5822, 5823, 5826, 5828, 5829, 5831, 5832, 5835, 5837, 5838, 5841, 5843, 5844, 5846, 5847, 5849, 5850, 5852, 5853, 5855, 5856, 5858, 5859, 5861, 5862, 5864, 5865, 5867, 5868, 5871, 5874, 5876, 5877, 5879, 5880, 5882, 5883, 5885, 5886, 5888, 5889, 5891, 5892, 5894, 5895, 5898, 5901, 5903, 5904, 5906, 5907, 5909, 5910, 5912, 5913, 5915, 5916, 5919, 5921, 5922, 5924, 5925, 5927, 5928, 5930, 5931, 5933, 5934, 5936, 5937, 5940, 5942, 5943, 5944, 5945, 5946, 5948, 5949, 5951, 5952, 5954, 5955, 5957, 5958, 5960, 5961, 5966, 5967, 5970, 5976, 5981, 5982, 5987, 5988, 5991, 5993, 5994, 5996, 5997
DNA, Partition_7 = 407, 408, 410, 414, 473, 491, 492, 494, 495, 497, 498, 500, 501, 503, 504, 506, 507, 508, 509, 510, 512, 513, 516, 518, 519, 521, 522, 552, 554, 567, 570, 573, 578, 645, 669, 672, 674, 680, 734, 737, 752, 773, 774, 776, 777, 778, 779, 780, 782, 783, 785, 786, 788, 792, 794, 795, 800, 801, 806, 807, 810, 812, 813, 816, 818, 881, 884, 886, 887, 897, 902, 978, 999, 1018, 1077, 1103, 1188, 1189, 1206, 1284, 1290, 1354, 1369, 1413, 1416, 1678, 1708, 1829, 1841, 1844, 1868, 2008, 2039, 2069, 2127, 2162, 2179, 2216, 2484, 2486, 2487, 2489, 2490, 2492, 2493, 2495, 2496, 2498, 2499, 2501, 2502, 2504, 2505, 2506, 2508, 2509, 2510, 2511, 2514, 2572, 2581, 2593, 2627, 2630, 2638, 2657, 2674, 2696, 2701, 2702, 2711, 2734, 2763, 2765, 2766, 2768, 2771, 2772, 2780, 3304, 4226, 4522, 4524, 4527, 4528, 4530, 4531, 4540, 4542, 4543, 4545, 4554, 4557, 4558, 4566, 4567, 4569, 4570, 4572, 4573, 4574, 4575, 4576, 4578, 4579, 4581, 4582, 4584, 4585, 4588, 4590, 4591, 4593, 4594, 4612, 5341, 5458, 5523, 5524, 5714, 5715, 5720, 5721, 5725, 5730, 5732, 5733, 5736, 5738, 5739, 5742, 5750, 5754, 5756, 5784, 5807, 5939, 5972, 5978, 5984, 5985, 5990
DNA, Partition_8 = 413, 458, 546, 575, 576, 656, 666, 675, 686, 699, 709, 789, 791, 878, 883, 885, 936, 939, 1086, 1149, 1170, 1182, 1218, 1263, 1291, 1321, 1362, 1371, 1473, 1648, 1789, 1995, 2027, 2165, 2170, 2194, 2234, 2256, 2274, 2403, 2405, 2406, 2408, 2409, 2411, 2412, 2415, 2417, 2418, 2420, 2421, 2423, 2424, 2425, 2426, 2427, 2429, 2430, 2432, 2433, 2435, 2436, 2438, 2439, 2441, 2442, 2445, 2447, 2448, 2449, 2450, 2451, 2453, 2454, 2456, 2457, 2460, 2465, 2468, 2470, 2471, 2472, 2474, 2475, 2477, 2478, 2480, 2481, 2483, 2500, 2578, 2602, 2647, 2692, 2703, 2713, 2719, 2725, 2761, 2764, 2774, 3263, 3265, 3266, 3267, 3268, 3269, 3271, 3272, 3274, 3275, 3276, 3277, 3278, 3280, 3281, 3283, 3284, 3286, 3287, 3290, 3292, 3293, 3305, 3306, 3307, 3309, 4235, 4432, 4434, 4437, 4438, 4441, 4449, 4450, 4452, 4453, 4455, 4456, 4459, 4461, 4465, 4467, 4468, 4470, 4471, 4473, 4474, 4476, 4477, 4479, 4480, 4482, 4483, 4486, 4488, 4489, 4491, 4492, 4494, 4495, 4497, 4498, 4500, 4501, 4503, 4504, 4506, 4507, 4509, 4510, 4512, 4513, 4515, 4516, 4518, 4519, 4525, 4534, 4536, 4546, 4549, 4552, 4560, 4561, 4563, 4564, 4580, 4589, 4611, 4619, 4625, 4728, 4729, 4731, 4732, 4735, 4737, 4738, 4740, 4741, 4743, 4744, 4747, 4748, 4749, 4750, 4752, 4753, 4755, 4758, 4759, 4761, 4762, 4764, 4765, 4766, 4767, 4768, 4771, 4773, 4774, 4776, 4777, 4780, 4783, 4785, 4786, 4788, 4789, 4791, 4792, 4797, 4798, 4800, 4801, 4803, 4804, 4806, 4807, 4809, 4810, 4812, 4813, 4815, 4816, 4821, 4822, 4825, 4827, 4828, 4830, 4831, 4833, 4834, 4836, 4837, 4839, 4840, 4842, 4843, 4845, 4846, 4848, 4849, 4851, 4852, 4855, 4858, 4860, 4861, 4863, 4864, 4866, 4867, 4869, 4870, 4872, 4873, 4875, 4876, 4878, 4879, 4881, 4882, 4884, 4885, 4887, 4888, 4891, 4893, 4894, 4896, 4897, 4899, 4900, 4902, 4903, 4905, 4906, 4908, 4909, 4911, 4912, 4914, 4915, 4917, 4918, 4920, 4921, 4923, 4924, 4926, 4927, 4929, 4930, 4932, 4933, 4936, 4938, 4939, 4941, 4942, 4943, 4944, 4945, 4947, 4948, 4951, 4953, 4954, 4956, 4957, 4959, 4960, 4963, 4965, 4966, 4968, 4969, 4971, 4972, 4974, 4975, 4978, 4980, 4981, 4983, 4986, 4987, 4990, 4993, 4995, 4996, 4998, 4999, 5001, 5002, 5007, 5008, 5011, 5013, 5014, 5016, 5017, 5019, 5020, 5023, 5025, 5026, 5028, 5029, 5030, 5031, 5170, 5361, 5527, 5529, 5530, 5532, 5533, 5535, 5536, 5538, 5539, 5541, 5542, 5544, 5545, 5547, 5548, 5550, 5551, 5553, 5554, 5556, 5557, 5559, 5560, 5562, 5563, 5565, 5566, 5568, 5569, 5571, 5572, 5574, 5575, 5577, 5578, 5580, 5581, 5583, 5584, 5586, 5587, 5589, 5590, 5592, 5593, 5595, 5596, 5598, 5599, 5601, 5602, 5604, 5605, 5607, 5608, 5610, 5611, 5613, 5614, 5616, 5617, 5619, 5620, 5700, 5702, 5705, 5706, 5708, 5709, 5711, 5712, 5718, 5723, 5724, 5729, 5748, 5918, 5964, 5969, 5973, 5975, 5977, 5979
DNA, Partition_9 = 423, 440, 551, 556, 564, 581, 665, 797, 804, 845, 848, 849, 853, 854, 856, 857, 860, 862, 863, 865, 866, 868, 869, 872, 874, 875, 882, 888, 927, 960, 1027, 1101, 1119, 1311, 1347, 1353, 1558, 1597, 1616, 1759, 1766, 1784, 1942, 2000, 2029, 2080, 2083, 2138, 2158, 2173, 2177, 2186, 2224, 2248, 2290, 2375, 2376, 2378, 2379, 2382, 2384, 2385, 2387, 2388, 2389, 2390, 2394, 2396, 2397, 2399, 2400, 2402, 2407, 2414, 2459, 2462, 2503, 2512, 2530, 2611, 2656, 2709, 2749, 2752, 2785, 2797, 3014, 3289, 3295, 3296, 3298, 3299, 3301, 3302, 3303, 3310, 3312, 3313, 3831, 3832, 3834, 3835, 3837, 3838, 3840, 3841, 3843, 3844, 3846, 3847, 3849, 3850, 3852, 3853, 3855, 3856, 3859, 3862, 3864, 3865, 3867, 3868, 3870, 3871, 3872, 3873, 3874, 3876, 3877, 3879, 3880, 3882, 3883, 3885, 3886, 3888, 3889, 3891, 3892, 3893, 3894, 3895, 3897, 3898, 3900, 3901, 3903, 3906, 3909, 3910, 3912, 3913, 3915, 3916, 3920, 3922, 3924, 3925, 3927, 3928, 4429, 4443, 4447, 4458, 4462, 4490, 4511, 4520, 4521, 4532, 4533, 4544, 4547, 4551, 4553, 4555, 4556, 4559, 4571, 4577, 4583, 4586, 4587, 4592, 4595, 4598, 4604, 4607, 4610, 4613, 4622, 4698, 4699, 4701, 4702, 4704, 4705, 4707, 4708, 4710, 4713, 4716, 4717, 4719, 4720, 4722, 4723, 4725, 4726, 4746, 4756, 4770, 4779, 4782, 4794, 4795, 4818, 4819, 4935, 4984, 4992, 5004, 5005, 5117, 5357, 5526, 5623, 5625, 5626, 5628, 5629, 5630, 5631, 5696, 5697, 5703, 5780, 5854, 5938, 5950
DNA, Partition_10 = 105, 106, 108, 110, 111, 113, 114, 117, 119, 122, 123, 126, 128, 129, 131, 132, 134, 135, 137, 138, 140, 141, 143, 144, 150, 152, 153, 154, 155, 156, 158, 159, 161, 162, 164, 165, 167, 168, 173, 174, 176, 177, 179, 180, 182, 183, 186, 189, 198, 203, 204, 209, 210, 213, 219, 221, 222, 224, 225, 228, 230, 231, 234, 236, 237, 238, 239, 240, 243, 246, 248, 249, 251, 252, 254, 255, 258, 260, 269, 276, 278, 279, 285, 288, 290, 294, 296, 297, 299, 300, 302, 303, 306, 311, 312, 313, 314, 315, 318, 323, 324, 327, 333, 336, 344, 345, 347, 348, 357, 366, 374, 375, 377, 378, 380, 381, 383, 384, 386, 387, 389, 390, 392, 393, 395, 396, 398, 401, 402, 404, 405, 481, 579, 590, 628, 653, 754, 796, 798, 819, 821, 823, 827, 828, 829, 830, 832, 833, 835, 836, 838, 839, 841, 842, 844, 847, 850, 858, 873, 981, 1002, 1033, 1056, 1128, 1299, 1360, 1389, 1399, 1410, 1440, 1446, 1576, 1645, 1687, 1876, 1900, 2129, 2156, 2273, 2348, 2349, 2351, 2352, 2353, 2354, 2355, 2357, 2358, 2360, 2361, 2362, 2363, 2364, 2366, 2367, 2369, 2370, 2372, 2373, 2381, 2393, 2395, 2398, 2422, 2452, 2463, 2466, 2515, 2524, 2539, 2584, 2596, 2608, 2614, 2620, 2653, 2677, 2716, 2767, 2857, 2872, 3013, 3111, 3308, 3315, 3316, 3318, 3319, 3321, 3322, 3324, 3325, 3327, 3328, 3330, 3331, 3333, 3334, 3336, 3337, 3339, 3340, 3342, 3343, 3344, 3345, 3346, 3348, 3349, 3354, 3355, 3357, 3358, 3360, 3361, 3363, 3364, 3366, 3367, 3372, 3373, 3376, 3378, 3379, 3381, 3382, 3387, 3388, 3390, 3391, 3393, 3394, 3396, 3397, 3399, 3400, 3402, 3403, 3405, 3406, 3408, 3409, 3411, 3412, 3414, 3415, 3417, 3418, 3420, 3421, 3424, 3426, 3427, 3429, 3430, 3432, 3433, 3435, 3436, 3438, 3439, 3441, 3442, 3444, 3445, 3448, 3450, 3451, 3453, 3454, 3456, 3457, 3459, 3460, 3462, 3463, 3466, 3468, 3469, 3471, 3472, 3475, 3477, 3478, 3479, 3480, 3481, 3483, 3484, 3486, 3487, 3489, 3490, 3492, 3493, 3495, 3496, 3498, 3499, 3501, 3502, 3504, 3505, 3507, 3508, 3510, 3511, 3513, 3514, 3516, 3517, 3519, 3520, 3522, 3523, 3525, 3526, 3528, 3529, 3531, 3532, 3534, 3535, 3538, 3540, 3541, 3542, 3543, 3544, 3546, 3547, 3549, 3550, 3552, 3553, 3554, 3555, 3556, 3558, 3559, 3561, 3562, 3564, 3565, 3567, 3568, 3570, 3571, 3572, 3573, 3574, 3576, 3577, 3579, 3580, 3582, 3583, 3585, 3586, 3588, 3589, 3591, 3592, 3594, 3595, 3597, 3598, 3600, 3601, 3603, 3604, 3606, 3607, 3609, 3610, 3612, 3615, 3616, 3618, 3619, 3622, 3624, 3625, 3627, 3628, 3630, 3631, 3633, 3634, 3637, 3639, 3640, 3642, 3643, 3645, 3646, 3647, 3648, 3649, 3651, 3652, 3653, 3654, 3655, 3657, 3658, 3660, 3661, 3663, 3664, 3666, 3667, 3669, 3670, 3672, 3673, 3675, 3676, 3678, 3679, 3681, 3682, 3684, 3685, 3687, 3688, 3690, 3691, 3693, 3694, 3696, 3697, 3699, 3700, 3702, 3705, 3706, 3709, 3711, 3712, 3717, 3718, 3720, 3721, 3723, 3724, 3726, 3727, 3729, 3730, 3732, 3733, 3735, 3736, 3738, 3739, 3741, 3742, 3743, 3744, 3745, 3747, 3748, 3750, 3751, 3753, 3754, 3756, 3757, 3759, 3760, 3763, 3765, 3766, 3768, 3769, 3772, 3774, 3775, 3777, 3780, 3781, 3783, 3784, 3786, 3787, 3789, 3790, 3792, 3793, 3795, 3796, 3798, 3799, 3801, 3802, 3804, 3805, 3807, 3808, 3810, 3811, 3813, 3814, 3817, 3819, 3820, 3823, 3826, 3828, 3829, 3851, 3887, 3904, 3918, 3919, 3923, 3926, 3936, 3937, 3943, 4356, 4359, 4366, 4368, 4369, 4372, 4374, 4375, 4378, 4380, 4383, 4384, 4385, 4386, 4389, 4390, 4393, 4395, 4396, 4401, 4402, 4404, 4405, 4408, 4410, 4411, 4413, 4414, 4416, 4417, 4419, 4420, 4423, 4425, 4426, 4446, 4485, 4496, 4508, 4514, 4517, 4523, 4526, 4529, 4537, 4539, 4541, 4548, 4550, 4562, 4565, 4568, 4693, 4695, 4711, 4854, 4857, 4898, 4950, 4962, 5010, 5165, 5250, 5273, 5483, 5498, 5525, 5612, 5621, 5633, 5693, 5726, 5727, 5735, 5745, 5747, 5776, 5783, 5791, 5857, 5863, 5911, 5947, 5962, 5995
DNA, Partition_11 = 72, 74, 75, 77, 78, 80, 81, 83, 84, 85, 86, 87, 89, 90, 92, 93, 95, 96, 98, 99, 101, 102, 104, 125, 147, 170, 171, 200, 207, 218, 270, 282, 287, 320, 330, 339, 342, 360, 363, 399, 421, 505, 610, 658, 667, 769, 824, 834, 837, 851, 942, 1035, 1089, 1125, 1365, 1386, 1449, 1497, 1498, 1499, 1500, 1505, 1506, 1510, 1511, 1512, 1513, 1515, 1517, 1518, 1520, 1521, 1523, 1524, 1526, 1527, 1529, 1530, 1531, 1532, 1548, 1550, 1551, 1615, 1657, 1723, 1787, 1816, 1837, 1840, 1915, 1982, 1992, 2062, 2126, 2228, 2296, 2297, 2298, 2300, 2301, 2302, 2303, 2304, 2305, 2306, 2307, 2309, 2310, 2312, 2313, 2341, 2342, 2343, 2344, 2345, 2346, 2356, 2377, 2391, 2413, 2428, 2469, 2482, 2554, 2555, 2605, 2659, 2755, 2773, 2791, 2849, 2852, 2880, 2907, 3012, 3177, 3192, 3246, 3311, 3314, 3326, 3362, 3370, 3386, 3419, 3440, 3455, 3537, 3539, 3545, 3557, 3611, 3613, 3617, 3621, 3635, 3650, 3703, 3714, 3715, 3728, 3734, 3737, 3746, 3762, 3767, 3778, 3782, 3791, 3809, 3812, 3816, 3821, 3822, 3825, 3827, 3833, 3836, 3857, 3858, 3860, 3861, 3866, 3869, 3875, 3878, 3881, 3890, 3896, 3899, 3905, 3907, 3914, 3917, 3921, 3929, 3940, 3942, 3945, 3946, 3949, 3951, 3952, 3954, 3955, 4003, 4005, 4006, 4008, 4009, 4011, 4012, 4014, 4015, 4018, 4020, 4021, 4023, 4024, 4026, 4027, 4029, 4030, 4032, 4033, 4036, 4039, 4041, 4042, 4044, 4045, 4047, 4048, 4050, 4051, 4053, 4054, 4056, 4057, 4059, 4060, 4062, 4063, 4065, 4066, 4068, 4069, 4071, 4072, 4074, 4075, 4077, 4078, 4080, 4081, 4083, 4084, 4090, 4092, 4093, 4095, 4096, 4098, 4099, 4101, 4102, 4104, 4105, 4108, 4110, 4111, 4114, 4116, 4117, 4118, 4119, 4120, 4121, 4125, 4126, 4128, 4129, 4131, 4132, 4134, 4135, 4137, 4138, 4140, 4141, 4143, 4144, 4145, 4146, 4147, 4149, 4150, 4152, 4153, 4155, 4156, 4158, 4159, 4161, 4162, 4164, 4165, 4167, 4168, 4171, 4173, 4174, 4176, 4177, 4179, 4180, 4182, 4183, 4185, 4186, 4188, 4189, 4192, 4194, 4195, 4197, 4198, 4201, 4204, 4206, 4207, 4209, 4210, 4212, 4213, 4215, 4216, 4217, 4218, 4219, 4222, 4224, 4225, 4227, 4228, 4230, 4231, 4234, 4236, 4237, 4239, 4240, 4242, 4243, 4245, 4246, 4249, 4251, 4252, 4254, 4255, 4257, 4258, 4260, 4261, 4263, 4264, 4266, 4267, 4269, 4270, 4272, 4273, 4275, 4279, 4281, 4282, 4284, 4285, 4288, 4293, 4294, 4296, 4300, 4303, 4311, 4327, 4347, 4353, 4354, 4360, 4363, 4371, 4392, 4398, 4399, 4422, 4435, 4442, 4448, 4451, 4463, 4469, 4475, 4478, 4493, 4499, 4538, 4669, 4690, 4692, 4696, 4714, 4760, 4829, 5022, 5077, 5084, 5249, 5258, 5327, 5423, 5531, 5561, 5594, 5634, 5637, 5639, 5640, 5642, 5643, 5691, 5803, 5824, 5825, 5893, 5905, 5908
DNA, Partition_12 = 6, 27, 29, 30, 33, 36, 37, 38, 39, 47, 48, 50, 51, 59, 60, 62, 63, 66, 68, 71, 107, 120, 163, 191, 192, 197, 201, 227, 261, 264, 266, 267, 291, 305, 329, 332, 335, 350, 362, 411, 484, 515, 544, 559, 560, 582, 634, 662, 692, 743, 751, 864, 1053, 1084, 1087, 1137, 1143, 1176, 1341, 1350, 1359, 1428, 1501, 1502, 1503, 1507, 1509, 1514, 1516, 1525, 1533, 1535, 1538, 1539, 1541, 1542, 1544, 1545, 1547, 1604, 1609, 1639, 1642, 1828, 1879, 1924, 1957, 2206, 2237, 2299, 2311, 2314, 2315, 2316, 2327, 2328, 2330, 2331, 2334, 2336, 2337, 2339, 2340, 2347, 2401, 2434, 2476, 2497, 2548, 2560, 2623, 2635, 2650, 2683, 2695, 2798, 2800, 2801, 2803, 2804, 2806, 2807, 2808, 2809, 2810, 2812, 2813, 2815, 2816, 2819, 2821, 2822, 2824, 2825, 2827, 2828, 2830, 2848, 2855, 2949, 3084, 3120, 3232, 3250, 3252, 3317, 3347, 3351, 3352, 3374, 3375, 3389, 3395, 3401, 3410, 3416, 3422, 3423, 3447, 3452, 3458, 3465, 3473, 3482, 3512, 3524, 3533, 3536, 3548, 3563, 3569, 3575, 3632, 3636, 3656, 3671, 3698, 3704, 3707, 3708, 3719, 3722, 3731, 3749, 3755, 3758, 3761, 3764, 3771, 3773, 3785, 3788, 3794, 3797, 3800, 3803, 3815, 3818, 3830, 3839, 3842, 3845, 3848, 3854, 3863, 3884, 3902, 3908, 3911, 3938, 3947, 3969, 3972, 3973, 3976, 3979, 3981, 3982, 3984, 3985, 3988, 3991, 3993, 3994, 4017, 4122, 4248, 4276, 4278, 4302, 4306, 4309, 4326, 4342, 4345, 4348, 4358, 4362, 4428, 4431, 4433, 4436, 4440, 4444, 4454, 4464, 4484, 4487, 4502, 4505, 4535, 4672, 4677, 4678, 4680, 4689, 4733, 5015, 5033, 5034, 5036, 5056, 5061, 5062, 5064, 5065, 5068, 5070, 5073, 5076, 5096, 5144, 5150, 5171, 5189, 5264, 5381, 5489, 5493, 5537, 5570, 5588, 5606, 5636, 5645, 5646, 5648, 5649, 5651, 5652, 5653, 5654, 5655, 5656, 5658, 5661, 5663, 5664, 5666, 5669, 5670, 5673, 5694, 5744, 5751, 5759, 5765, 5782, 5866, 5920, 5953
DNA, Partition_13 = 2, 3, 8, 9, 11, 12, 14, 15, 17, 18, 20, 21, 23, 24, 26, 35, 42, 45, 53, 65, 69, 100, 130, 185, 326, 341, 351, 353, 368, 487, 548, 673, 815, 822, 846, 877, 879, 912, 1105, 1161, 1212, 1245, 1304, 1363, 1464, 1504, 1508, 1522, 1536, 1546, 1552, 1882, 1903, 1952, 1954, 1991, 2159, 2171, 2218, 2308, 2318, 2319, 2320, 2321, 2322, 2325, 2333, 2368, 2374, 2380, 2386, 2444, 2455, 2485, 2551, 2569, 2689, 2700, 2710, 2728, 2834, 2837, 2839, 2840, 2842, 2843, 2845, 2846, 2854, 2898, 3024, 3027, 3081, 3129, 3228, 3300, 3320, 3323, 3329, 3332, 3335, 3341, 3350, 3353, 3365, 3369, 3377, 3384, 3392, 3404, 3407, 3428, 3431, 3437, 3443, 3446, 3449, 3470, 3474, 3485, 3491, 3494, 3497, 3500, 3506, 3509, 3530, 3551, 3560, 3566, 3620, 3623, 3629, 3644, 3668, 3677, 3680, 3686, 3710, 3713, 3716, 3725, 3740, 3752, 3770, 3776, 3779, 3806, 3824, 3935, 3939, 3941, 3948, 3953, 3956, 3957, 3958, 3961, 3963, 3964, 3966, 3967, 3978, 3987, 3990, 3999, 4000, 4123, 4170, 4191, 4314, 4315, 4336, 4357, 4365, 4377, 4430, 4445, 4457, 4460, 4472, 4481, 4681, 4684, 4686, 4712, 4734, 4871, 4880, 4934, 5035, 5037, 5038, 5039, 5040, 5044, 5046, 5047, 5071, 5074, 5108, 5162, 5180, 5181, 5294, 5295, 5342, 5405, 5635, 5644, 5667, 5675, 5676, 5678, 5679, 5681, 5682, 5684, 5688, 5752, 5764, 5770, 5800, 5818, 5833, 5929, 5935
DNA, Partition_14 = 44, 54, 142, 195, 331, 359, 371, 372, 382, 400, 403, 460, 527, 562, 631, 640, 706, 739, 748, 766, 781, 826, 840, 871, 951, 1168, 1194, 1254, 1300, 1425, 1455, 1462, 1528, 1534, 1567, 1717, 1769, 1795, 1849, 1913, 1946, 2018, 2089, 2131, 2255, 2317, 2324, 2335, 2404, 2479, 2587, 2632, 2698, 2707, 2817, 2836, 2850, 2874, 2892, 3026, 3338, 3356, 3359, 3385, 3398, 3413, 3425, 3434, 3461, 3464, 3476, 3515, 3518, 3521, 3527, 3578, 3581, 3584, 3587, 3590, 3593, 3599, 3602, 3605, 3608, 3614, 3626, 3638, 3641, 3659, 3665, 3683, 3689, 3692, 3695, 3701, 3944, 3950, 3970, 3983, 4038, 4107, 4113, 4200, 4221, 4290, 4329, 4391, 4421, 4439, 4466, 4674, 4675, 4687, 4718, 4802, 4805, 4814, 4895, 4925, 4931, 5052, 5059, 5075, 5100, 5225, 5354, 5393, 5414, 5447, 5501, 5549, 5615, 5618, 5641, 5657, 5660, 5665, 5672, 5685, 5698, 5785, 5897, 5900, 5998
DNA, Partition_15 = 5, 57, 70, 160, 205, 233, 263, 281, 365, 446, 451, 514, 565, 608, 700, 703, 730, 790, 799, 809, 880, 900, 909, 1011, 1026, 1116, 1191, 1357, 1407, 1437, 1519, 1561, 1573, 1588, 1738, 1751, 1786, 1894, 1963, 1985, 2035, 2050, 2266, 2272, 2294, 2338, 2359, 2365, 2431, 2473, 2488, 2590, 2671, 2731, 2799, 2818, 2831, 2832, 2877, 2994, 2997, 3009, 3156, 3180, 3186, 3240, 3288, 3368, 3380, 3383, 3467, 3488, 3503, 3596, 3662, 3674, 3971, 4064, 4087, 4241, 4262, 4265, 4287, 4317, 4318, 4338, 4344, 4351, 4387, 4388, 4406, 4407, 4671, 4683, 4715, 4820, 4949, 5009, 5018, 5032, 5041, 5042, 5043, 5054, 5055, 5067, 5078, 5147, 5198, 5324, 5336, 5360, 5363, 5408, 5456, 5552, 5558, 5582, 5638, 5650, 5659, 5662, 5668, 5671, 5734, 5779, 5941
DNA, Partition_16 = 10, 25, 32, 40, 91, 118, 146, 188, 215, 216, 241, 307, 431, 490, 532, 533, 580, 607, 619, 670, 679, 724, 757, 784, 787, 903, 1098, 1167, 1222, 1224, 1257, 1275, 1305, 1368, 1377, 1467, 1660, 1693, 1770, 1819, 1871, 1918, 1927, 1945, 1978, 2077, 2137, 2326, 2332, 2419, 2458, 2467, 2491, 2545, 2566, 2575, 2626, 2779, 2802, 2805, 2820, 2826, 2833, 2841, 2922, 2925, 3087, 3153, 3270, 3371, 3965, 3974, 3977, 4002, 4031, 4043, 4086, 4187, 4203, 4308, 4330, 4335, 4412, 4415, 4769, 4808, 4928, 4958, 5006, 5123, 5213, 5240, 5340, 5348, 5417, 5496, 5609, 5627, 5771, 5870, 5873, 5890, 5963, 5971, 5980
DNA, Partition_17 = 4, 13, 56, 58, 88, 116, 178, 202, 217, 257, 272, 309, 343, 385, 397, 523, 592, 661, 718, 736, 740, 831, 843, 891, 1038, 1044, 1107, 1158, 1329, 1443, 1540, 1600, 1654, 1696, 1762, 1771, 1822, 1825, 1870, 1897, 1936, 1975, 1984, 2032, 2167, 2176, 2392, 2440, 2617, 2629, 2644, 2770, 2811, 2829, 2835, 2934, 3075, 3126, 3171, 3291, 3297, 3968, 3975, 4022, 4103, 4112, 4184, 4333, 4361, 4376, 4381, 4409, 4670, 4697, 4757, 4763, 4778, 4793, 4799, 4811, 4832, 4904, 4955, 4961, 4976, 4977, 4985, 4988, 5049, 5051, 5057, 5081, 5099, 5129, 5132, 5195, 5255, 5262, 5279, 5399, 5450, 5516, 5573, 5647, 5674, 5686, 5690, 5704, 5717, 5753, 5794, 5806, 5840, 5902, 5974
DNA, Partition_18 = 7, 34, 55, 127, 136, 139, 181, 206, 220, 232, 245, 308, 316, 317, 325, 338, 406, 457, 459, 475, 502, 541, 563, 652, 682, 697, 760, 825, 984, 1140, 1146, 1185, 1197, 1200, 1236, 1315, 1320, 1335, 1374, 1458, 1543, 1579, 1720, 1776, 1873, 2143, 2146, 2197, 2225, 2243, 2244, 2264, 2323, 2329, 2410, 2437, 2542, 2563, 2686, 2704, 2740, 2794, 2814, 2823, 3174, 3258, 3264, 3273, 3294, 3959, 3960, 3989, 4025, 4046, 4085, 4100, 4124, 4196, 4250, 4299, 4364, 4367, 4418, 4679, 4745, 4775, 4844, 4847, 4853, 4907, 5053, 5060, 5090, 5114, 5222, 5309, 5321, 5339, 5426, 5546, 5564, 5622, 5788, 5881, 5917
DNA, Partition_19 = 1, 41, 49, 52, 64, 79, 121, 149, 212, 229, 262, 271, 284, 293, 301, 310, 352, 356, 364, 379, 391, 394, 424, 427, 433, 526, 535, 568, 598, 727, 793, 803, 805, 867, 948, 954, 1023, 1041, 1203, 1272, 1338, 1699, 1753, 1783, 1891, 1940, 2209, 2213, 2245, 2371, 2383, 2416, 2446, 2662, 2788, 2862, 3078, 3198, 3210, 3279, 3282, 4035, 4040, 4058, 4091, 4127, 4169, 4297, 4304, 4332, 4350, 4370, 4382, 4394, 4397, 4403, 4424, 4676, 4754, 4772, 4826, 4886, 4964, 4967, 4989, 5045, 5050, 5058, 5111, 5138, 5177, 5237, 5366, 5471, 5510, 5534, 5567, 5699
DNA, Partition_20 = 16, 19, 22, 28, 31, 43, 46, 61, 67, 73, 76, 82, 94, 97, 103, 109, 112, 115, 124, 133, 145, 148, 151, 157, 166, 169, 172, 175, 184, 187, 190, 193, 194, 196, 199, 208, 211, 214, 223, 226, 235, 242, 244, 247, 250, 253, 256, 259, 265, 268, 273, 274, 275, 277, 280, 283, 286, 289, 292, 295, 298, 304, 319, 321, 322, 328, 334, 337, 340, 346, 349, 354, 355, 358, 361, 367, 369, 370, 373, 376, 388, 409, 412, 415, 436, 439, 442, 448, 461, 463, 466, 469, 472, 478, 493, 496, 499, 511, 517, 520, 529, 538, 547, 549, 550, 553, 571, 574, 577, 583, 589, 595, 601, 604, 613, 616, 622, 625, 643, 646, 649, 655, 664, 676, 685, 688, 694, 712, 715, 721, 742, 745, 763, 772, 775, 802, 808, 811, 814, 817, 820, 852, 855, 859, 861, 870, 876, 906, 921, 990, 1059, 1092, 1095, 1104, 1155, 1164, 1173, 1221, 1233, 1242, 1383, 1395, 1549, 1681, 1690, 1711, 1714, 1750, 1777, 1780, 1834, 1855, 1858, 1912, 1966, 1983, 1993, 1997, 2044, 2053, 2068, 2074, 2095, 2104, 2110, 2128, 2134, 2155, 2164, 2227, 2239, 2242, 2257, 2269, 2275, 2350, 2443, 2461, 2464, 2494, 2527, 2533, 2536, 2557, 2599, 2641, 2665, 2668, 2708, 2737, 2743, 2758, 2776, 2782, 2838, 2844, 2847, 2851, 2853, 2856, 2859, 2865, 2868, 2871, 2889, 2895, 2928, 2931, 2937, 2943, 2946, 2967, 2970, 2979, 2991, 3000, 3003, 3021, 3030, 3033, 3034, 3036, 3045, 3048, 3057, 3060, 3072, 3090, 3096, 3099, 3102, 3103, 3105, 3117, 3141, 3159, 3189, 3195, 3201, 3213, 3219, 3225, 3237, 3249, 3255, 3285, 3962, 3980, 3986, 3992, 3995, 3996, 3997, 3998, 4001, 4004, 4007, 4010, 4013, 4016, 4019, 4028, 4034, 4037, 4049, 4052, 4055, 4061, 4067, 4070, 4073, 4076, 4079, 4082, 4088, 4089, 4094, 4097, 4106, 4109, 4115, 4130, 4133, 4136, 4139, 4142, 4148, 4151, 4154, 4157, 4160, 4163, 4166, 4172, 4175, 4178, 4181, 4190, 4193, 4199, 4202, 4205, 4208, 4211, 4214, 4220, 4223, 4229, 4232, 4238, 4244, 4247, 4253, 4256, 4259, 4268, 4271, 4274, 4277, 4280, 4283, 4286, 4289, 4291, 4292, 4295, 4298, 4301, 4305, 4307, 4310, 4312, 4313, 4316, 4319, 4320, 4321, 4322, 4323, 4324, 4325, 4328, 4331, 4334, 4337, 4339, 4340, 4341, 4343, 4346, 4349, 4352, 4355, 4373, 4379, 4400, 4427, 4673, 4682, 4685, 4688, 4691, 4694, 4700, 4703, 4706, 4709, 4721, 4724, 4727, 4730, 4736, 4739, 4742, 4751, 4781, 4784, 4787, 4790, 4796, 4817, 4823, 4824, 4835, 4838, 4841, 4850, 4856, 4859, 4862, 4865, 4868, 4874, 4877, 4883, 4889, 4890, 4892, 4901, 4910, 4913, 4916, 4919, 4922, 4937, 4940, 4946, 4952, 4970, 4973, 4979, 4982, 4991, 4994, 4997, 5000, 5003, 5012, 5021, 5024, 5027, 5048, 5063, 5066, 5069, 5072, 5093, 5102, 5120, 5126, 5141, 5153, 5156, 5159, 5174, 5186, 5192, 5207, 5216, 5228, 5243, 5252, 5261, 5276, 5297, 5303, 5306, 5312, 5315, 5318, 5333, 5345, 5351, 5369, 5372, 5378, 5384, 5396, 5400, 5402, 5411, 5429, 5435, 5438, 5462, 5465, 5468, 5477, 5504, 5519, 5522, 5528, 5540, 5543, 5555, 5576, 5579, 5585, 5591, 5597, 5600, 5603, 5624, 5677, 5680, 5683, 5687, 5689, 5692, 5695, 5701, 5707, 5710, 5713, 5716, 5719, 5722, 5728, 5731, 5737, 5740, 5741, 5743, 5746, 5749, 5755, 5758, 5761, 5767, 5773, 5797, 5809, 5812, 5815, 5816, 5817, 5821, 5827, 5830, 5834, 5836, 5839, 5842, 5845, 5848, 5851, 5860, 5869, 5872, 5875, 5878, 5884, 5887, 5896, 5899, 5914, 5923, 5926, 5932, 5956, 5959, 5965, 5968, 5983, 5986, 5989, 5992