Partition output from ratepartitions.py
--Written by Tobias Malm (20121130)

For rate file: 5.rates with 6000 sites!

Manually set dividing factor: 4.0
Partitions calculated according to:
	1st partition: highest rate - ((highest rate - minimum_rate)/(4.0)),
	the remaining as lower boundary rate= upper boundary rate -((upper boundary rate - minimum rate)/(4.0+Partitionnumber*0.3)).
	Last partition created when less than 10% of total characters are left (=600.0 characters).

Rate spread of entire data set (Highest (slowest, 1=invariant) to lowest (fastest) ): Highest: 0.350947380119, lowest: 0.0617880757904, spread: 0.289159304329
Partition_1(11 sites):	Rate-span: 0.350947-0.278658

Partition_2(13 sites):	Rate-span: 0.278658-0.231512

Partition_3(15 sites):	Rate-span: 0.231512-0.196874

Partition_4(24 sites):	Rate-span: 0.196874-0.170896

Partition_5(37 sites):	Rate-span: 0.170896-0.151058

Partition_6(53 sites):	Rate-span: 0.151058-0.135667

Partition_7(72 sites):	Rate-span: 0.135667-0.123556

Partition_8(105 sites):	Rate-span: 0.123556-0.113905

Partition_9(123 sites):	Rate-span: 0.113905-0.106126

Partition_10(161 sites):	Rate-span: 0.106126-0.099792

Partition_11(195 sites):	Rate-span: 0.099792-0.094586

Partition_12(236 sites):	Rate-span: 0.094586-0.09027

Partition_13(252 sites):	Rate-span: 0.09027-0.086665

Partition_14(303 sites):	Rate-span: 0.086665-0.083631

Partition_15(342 sites):	Rate-span: 0.083631-0.081062

Partition_16(379 sites):	Rate-span: 0.081062-0.078871

Partition_17(444 sites):	Rate-span: 0.078871-0.076994

Partition_18(376 sites):	Rate-span: 0.076994-0.075376

Partition_19(421 sites):	Rate-span: 0.075376-0.073976

Partition_20(381 sites):	Rate-span: 0.073976-0.072757

Partition_21(298 sites):	Rate-span: 0.072757-0.071692

Partition_22(293 sites):	Rate-span: 0.071692-0.070758

Partition_23(228 sites):	Rate-span: 0.070758-0.069935

Partition_24(239 sites):	Rate-span: 0.069935-0.069207

Partition_25(170 sites):	Rate-span: 0.069207-0.068562

Partition_26(122 sites):	Rate-span: 0.068562-0.067988

Partition_27(125 sites):	Rate-span: 0.067988-0.067476

Partition_28(582 sites):	Rate-span: 0.067476-0.061788



MrBayes style
begin mrbayes;
Charset Partition_1 = 124 2498 2536 2950 2997 3120 4584 4709 5104 5226 5523;
Charset Partition_2 = 57 319 623 955 1697 1848 2529 2751 4104 4637 4977 5112 5918;
Charset Partition_3 = 721 766 778 1479 1733 1897 2151 2685 2712 2844 2980 3921 5121 5305 5838;
Charset Partition_4 = 452 507 648 760 862 1177 1877 2034 2374 2420 2890 2971 3738 4016 4034 4129 4199 4364 4537 5010 5100 5317 5320 5892;
Charset Partition_5 = 6 15 105 296 350 837 905 928 1034 1120 1559 1676 1695 1738 2128 2415 2472 2484 2495 2514 2543 2606 2610 2656 2750 2958 4020 4064 4263 4316 4552 4760 4783 4987 5031 5214 5738;
Charset Partition_6 = 18 51 366 398 463 482 496 506 522 552 611 658 732 755 1022 1079 1347 1378 1396 1429 1633 1921 1956 2032 2114 2385 2389 2423 2601 2652 2687 2722 2818 2826 3006 3102 3292 3514 3556 3618 3897 3956 4444 4517 4968 5048 5174 5273 5277 5306 5389 5471 5580;
Charset Partition_7 = 67 90 189 214 762 772 792 874 1031 1069 1094 1301 1342 1514 1648 1666 1680 1698 1762 1775 1784 1811 1856 1936 1986 2018 2093 2115 2190 2227 2311 2316 2358 2428 2668 2945 3069 3079 3177 3256 3353 3445 3479 3591 3633 3676 3713 3745 3762 3811 3953 4048 4162 4278 4345 4604 4686 4699 4711 4790 4845 5253 5309 5339 5351 5745 5787 5800 5833 5845 5864 5904;
Charset Partition_8 = 59 122 174 217 248 336 347 526 532 580 589 679 771 820 845 929 959 1033 1161 1173 1279 1355 1356 1458 1476 1497 1507 1545 1550 1571 1634 1708 1732 1768 1794 1910 1953 2064 2297 2307 2312 2391 2406 2530 2582 2597 2615 2665 2701 2727 2761 2766 2791 2850 2870 2883 2921 2948 3273 3333 3342 3396 3429 3444 3458 3507 3600 3648 3695 3708 3767 3780 3787 3800 3936 3958 4014 4111 4164 4255 4272 4403 4582 4715 4718 4731 4772 4782 4973 4985 5075 5142 5158 5196 5248 5281 5477 5511 5562 5635 5648 5725 5758 5896 5924;
Charset Partition_9 = 25 63 65 91 127 146 159 170 229 236 253 326 453 487 645 729 787 814 861 926 931 946 991 1023 1106 1109 1241 1256 1309 1338 1353 1389 1448 1542 1556 1591 1600 1614 1693 1734 1766 1787 1808 1841 1868 1920 1927 2003 2006 2103 2160 2194 2215 2290 2355 2366 2394 2444 2461 2556 2565 2568 2577 2677 2679 2756 2757 2788 2790 2864 3053 3109 3146 3161 3263 3266 3346 3355 3490 3614 3629 3867 4017 4019 4024 4051 4183 4191 4203 4251 4289 4303 4320 4433 4437 4525 4570 4586 4612 4665 4667 4678 4716 4819 4841 4869 4925 5008 5020 5052 5314 5326 5414 5448 5485 5651 5696 5700 5763 5786 5951 5986 5990;
Charset Partition_10 = 43 55 119 166 308 314 334 359 418 450 451 490 492 508 518 549 599 615 633 647 653 780 875 885 923 957 982 992 1006 1010 1020 1028 1029 1035 1053 1080 1083 1102 1126 1167 1204 1252 1264 1284 1293 1335 1346 1381 1382 1407 1424 1484 1491 1543 1603 1684 1703 1729 1776 1800 1840 1874 1904 1934 1958 2031 2033 2063 2094 2116 2135 2155 2164 2195 2210 2229 2278 2292 2315 2340 2347 2405 2447 2473 2488 2550 2557 2598 2599 2627 2628 2631 2633 2662 2666 2703 2732 2765 2825 2893 2957 2964 2983 3095 3126 3150 3301 3311 3338 3347 3356 3363 3364 3378 3436 3476 3484 3543 3703 3733 3734 3766 3806 3840 3848 3866 3870 3882 3920 3927 3977 4140 4218 4243 4326 4408 4425 4842 4848 4931 4937 4961 4984 5002 5019 5133 5159 5172 5283 5310 5312 5342 5367 5383 5540 5555 5604 5612 5639 5933 5961;
Charset Partition_11 = 64 93 108 120 151 191 219 255 274 277 297 332 340 406 445 448 460 472 488 504 527 530 561 656 686 709 747 791 802 803 829 839 847 868 900 960 967 968 979 1049 1082 1113 1133 1166 1168 1249 1277 1311 1349 1360 1431 1441 1444 1445 1493 1501 1512 1513 1515 1522 1563 1587 1593 1597 1602 1615 1629 1654 1681 1683 1741 1745 1767 1795 1797 1814 1842 1851 1866 1898 1917 1998 2026 2027 2030 2048 2055 2056 2070 2073 2074 2109 2157 2188 2198 2213 2237 2241 2242 2283 2313 2323 2371 2449 2480 2509 2573 2587 2644 2659 2661 2671 2715 2781 2796 2799 2801 2804 2863 2874 2882 2891 2932 2941 2942 2967 2990 2996 3020 3023 3042 3167 3279 3360 3381 3400 3403 3482 3491 3513 3515 3593 3619 3720 3741 3782 3784 3808 3856 3932 4023 4055 4089 4159 4178 4194 4200 4208 4222 4242 4358 4422 4453 4478 4482 4486 4532 4577 4590 4595 4628 4659 4674 4702 4738 4859 4911 5041 5135 5192 5206 5243 5256 5292 5297 5412 5478 5500 5619 5623 5641 5710 5735 5813 5822;
Charset Partition_12 = 5 14 58 62 94 117 128 132 226 232 250 269 307 311 318 329 354 362 370 377 394 396 416 426 442 476 600 634 661 700 777 824 878 888 895 1042 1058 1132 1146 1155 1179 1203 1215 1227 1250 1255 1266 1292 1308 1333 1336 1354 1361 1390 1400 1472 1482 1483 1505 1561 1584 1592 1618 1644 1651 1653 1667 1692 1713 1739 1761 1780 1782 1793 1818 1825 1827 1867 1870 1878 1908 1941 1977 1992 2014 2062 2081 2091 2108 2120 2137 2147 2154 2167 2169 2170 2184 2197 2228 2256 2259 2300 2304 2314 2327 2331 2335 2344 2361 2372 2393 2400 2421 2432 2435 2436 2443 2445 2486 2490 2570 2571 2572 2579 2583 2590 2596 2603 2618 2623 2626 2667 2704 2705 2743 2749 2772 2778 2780 2784 2792 2794 2828 2862 2877 2892 2898 2901 2936 2970 2985 3028 3031 3034 3094 3100 3106 3141 3162 3166 3168 3222 3249 3264 3382 3407 3431 3468 3501 3527 3545 3572 3603 3634 3670 3680 3681 3697 3698 3797 3818 3851 3887 3904 3933 4001 4035 4063 4130 4160 4176 4234 4260 4270 4368 4378 4398 4399 4402 4426 4442 4452 4470 4581 4652 4653 4658 4758 4786 4816 4861 4921 4924 4964 4970 5059 5113 5141 5153 5187 5220 5293 5298 5378 5589 5601 5657 5685 5729 5743 5753 5788 5804 5927 5963 5991;
Charset Partition_13 = 17 26 75 78 126 130 187 205 208 218 238 242 279 283 284 343 403 464 468 473 494 534 535 548 571 613 635 638 652 693 722 748 781 813 828 961 981 995 1012 1025 1027 1052 1073 1090 1095 1098 1100 1103 1111 1148 1162 1165 1183 1198 1211 1257 1262 1263 1269 1272 1306 1317 1322 1340 1364 1391 1402 1403 1406 1412 1426 1442 1467 1468 1478 1495 1527 1564 1611 1638 1705 1709 1714 1717 1720 1748 1757 1772 1815 1821 1849 1858 1881 1882 1887 1922 1948 1987 2010 2059 2067 2080 2104 2144 2148 2152 2153 2180 2187 2214 2236 2254 2272 2277 2280 2291 2325 2336 2341 2362 2402 2409 2425 2442 2489 2491 2499 2510 2511 2522 2558 2569 2574 2612 2613 2624 2648 2688 2716 2720 2721 2724 2745 2771 2776 2797 2805 2807 2814 2820 2821 2835 2843 2861 2910 2914 2930 2940 2953 2955 2963 2974 2978 2999 3010 3033 3073 3083 3113 3142 3204 3262 3293 3414 3438 3447 3455 3483 3509 3559 3563 3587 3650 3653 3684 3693 3701 3794 3849 3868 3884 3898 3910 3986 4046 4047 4098 4148 4152 4165 4170 4256 4353 4355 4375 4379 4404 4410 4414 4516 4533 4565 4596 4668 4719 4743 4766 4768 4794 4805 4873 4905 4938 4943 4969 4998 5063 5110 5111 5269 5302 5303 5330 5358 5368 5391 5437 5441 5444 5498 5529 5537 5557 5628 5644 5682 5793 5884 5914 5931 5997 6000;
Charset Partition_14 = 1 28 48 49 54 60 85 88 92 103 110 140 173 179 212 223 235 271 287 312 323 345 375 389 390 392 395 402 495 514 553 568 583 588 616 622 625 628 665 674 682 701 703 718 728 731 751 764 767 770 782 851 856 859 864 869 870 883 910 912 933 934 942 976 983 1007 1008 1009 1011 1076 1078 1086 1142 1150 1156 1188 1189 1191 1209 1218 1222 1226 1237 1242 1251 1267 1273 1297 1298 1303 1314 1326 1363 1383 1387 1392 1420 1421 1425 1435 1439 1447 1455 1469 1471 1474 1490 1500 1506 1520 1534 1544 1562 1565 1581 1607 1619 1641 1647 1661 1665 1668 1670 1673 1707 1727 1730 1735 1746 1758 1771 1773 1786 1799 1806 1819 1843 1845 1847 1855 1884 1894 1895 1919 1931 1933 1935 1951 1954 1967 1971 1980 2017 2028 2038 2061 2065 2077 2097 2102 2140 2142 2177 2192 2200 2201 2220 2230 2232 2249 2276 2284 2287 2289 2293 2303 2305 2318 2339 2418 2419 2431 2446 2450 2453 2462 2464 2466 2467 2476 2503 2520 2528 2534 2552 2561 2594 2621 2622 2637 2647 2670 2673 2699 2708 2711 2731 2733 2740 2742 2758 2762 2763 2769 2793 2817 2823 2838 2839 2880 2951 2973 2991 3009 3022 3025 3035 3047 3058 3086 3108 3132 3165 3173 3215 3252 3257 3296 3326 3367 3565 3610 3615 3638 3654 3709 3729 3841 3846 3854 3881 4003 4009 4021 4091 4117 4215 4219 4231 4262 4271 4307 4337 4423 4557 4562 4627 4662 4664 4683 4754 4787 4955 4980 5006 5049 5081 5102 5204 5219 5228 5262 5287 5288 5318 5345 5346 5352 5381 5438 5490 5499 5508 5539 5548 5574 5717 5746 5806 5818 5847 5910 5953;
Charset Partition_15 = 4 27 34 44 47 56 68 79 86 109 121 125 153 154 167 178 183 194 201 206 228 231 239 245 252 275 290 301 321 335 355 368 419 454 469 477 483 519 523 531 537 555 558 563 577 601 603 605 619 626 629 643 666 667 670 680 702 714 725 734 739 752 758 759 776 785 804 807 825 836 858 876 880 890 903 907 919 922 927 947 952 969 997 1001 1013 1015 1017 1030 1032 1036 1047 1056 1057 1060 1062 1064 1065 1066 1074 1088 1089 1093 1099 1105 1115 1119 1124 1125 1129 1130 1135 1159 1172 1190 1192 1197 1221 1224 1229 1240 1243 1245 1247 1253 1265 1296 1344 1366 1380 1397 1414 1418 1434 1438 1465 1509 1528 1539 1560 1572 1583 1588 1594 1596 1601 1608 1610 1632 1642 1643 1646 1659 1662 1671 1687 1690 1706 1711 1712 1747 1754 1777 1809 1850 1854 1865 1876 1892 1914 1924 1932 1939 1940 1942 1944 1949 1950 1957 1964 1972 1976 1979 2001 2011 2013 2020 2043 2049 2052 2057 2083 2086 2095 2107 2110 2112 2136 2145 2181 2191 2193 2209 2216 2224 2246 2252 2265 2273 2302 2326 2330 2334 2337 2382 2386 2404 2413 2427 2451 2487 2496 2501 2517 2575 2576 2592 2595 2619 2630 2658 2663 2672 2684 2690 2713 2726 2729 2730 2736 2738 2753 2759 2787 2803 2812 2815 2822 2829 2834 2857 2866 2868 2878 2879 2888 2899 2904 2911 2931 2933 2976 2987 3008 3049 3076 3103 3124 3241 3277 3308 3336 3343 3448 3493 3542 3550 3597 3623 3639 3687 3719 3757 3761 3769 3775 3877 3948 3971 4022 4067 4127 4133 4171 4172 4247 4248 4283 4284 4299 4315 4343 4388 4524 4591 4707 4725 4728 4777 4826 4839 4877 4915 4939 4941 4979 5009 5062 5140 5160 5168 5175 5222 5470 5496 5515 5532 5568 5576 5579 5624 5631 5637 5642 5665 5681 5718 5777 5781 5850 5885 5956 5973;
Charset Partition_16 = 2 7 8 9 12 30 36 39 42 70 72 80 81 82 87 99 116 123 133 139 144 145 147 148 156 157 160 165 195 200 203 216 221 227 243 246 278 316 325 337 344 361 376 385 400 409 414 417 425 428 434 479 486 493 524 569 604 608 610 620 650 675 684 687 688 696 711 726 735 745 774 793 797 805 826 830 844 882 887 893 894 921 939 973 977 987 1003 1037 1039 1041 1048 1063 1075 1085 1108 1110 1164 1169 1176 1178 1180 1193 1200 1202 1205 1214 1216 1228 1230 1258 1270 1271 1274 1283 1294 1310 1312 1316 1339 1343 1367 1368 1371 1372 1375 1376 1379 1388 1394 1398 1409 1413 1415 1422 1423 1454 1457 1461 1463 1464 1480 1496 1498 1503 1516 1523 1529 1535 1536 1537 1538 1541 1546 1551 1555 1598 1612 1617 1624 1639 1650 1655 1657 1700 1722 1742 1751 1764 1774 1788 1792 1801 1810 1822 1823 1824 1829 1834 1844 1846 1852 1853 1862 1872 1889 1901 1905 1915 1928 1929 1963 1969 1973 1985 1988 1995 2021 2022 2035 2040 2046 2047 2069 2078 2082 2084 2098 2100 2106 2111 2124 2138 2158 2165 2176 2189 2199 2205 2207 2212 2239 2251 2258 2267 2294 2296 2306 2319 2320 2346 2348 2352 2354 2357 2360 2369 2377 2381 2396 2399 2401 2411 2438 2439 2448 2455 2470 2471 2477 2532 2539 2559 2560 2562 2564 2588 2589 2600 2611 2639 2654 2692 2741 2744 2747 2754 2767 2770 2789 2811 2830 2849 2853 2854 2856 2876 2886 2889 2900 2913 2916 2918 2938 2943 2944 3098 3183 3332 3349 3377 3389 3390 3415 3424 3426 3430 3446 3464 3473 3495 3498 3505 3512 3562 3571 3602 3611 3631 3647 3666 3673 3692 3748 3768 3772 3814 3874 3922 3934 3998 4025 4179 4265 4332 4350 4424 4610 4626 4632 4634 4646 4654 4732 4753 4802 4832 4833 4854 4886 4990 4994 4999 5068 5074 5165 5202 5218 5278 5289 5294 5361 5369 5375 5428 5464 5468 5469 5497 5503 5535 5560 5586 5587 5596 5597 5598 5650 5707 5747 5749 5767 5783 5784 5819 5854 5903 5968 5975 5979;
Charset Partition_17 = 3 29 40 66 71 118 134 135 137 149 163 176 177 182 185 211 215 230 240 247 261 265 266 267 273 298 330 351 364 372 380 410 422 433 436 443 455 457 461 474 481 484 485 498 502 505 515 517 545 556 567 570 575 578 579 591 617 618 636 639 646 657 659 668 681 692 699 708 712 724 733 740 753 796 808 810 815 817 833 834 838 849 852 854 863 871 872 877 899 902 904 951 956 963 1019 1026 1040 1045 1046 1051 1054 1055 1068 1101 1116 1117 1118 1121 1140 1152 1163 1175 1181 1194 1217 1232 1233 1234 1239 1248 1260 1275 1278 1280 1286 1289 1295 1304 1307 1319 1320 1330 1332 1337 1358 1359 1386 1405 1408 1410 1416 1419 1436 1443 1449 1452 1456 1462 1466 1470 1485 1508 1517 1521 1532 1540 1549 1553 1554 1573 1577 1578 1579 1586 1589 1590 1604 1606 1609 1621 1623 1625 1628 1631 1637 1640 1660 1672 1675 1685 1694 1699 1724 1725 1744 1749 1756 1763 1769 1778 1796 1802 1817 1820 1831 1832 1836 1863 1869 1873 1879 1885 1911 1945 1955 1961 1962 1968 1974 1982 1996 2008 2012 2042 2051 2058 2087 2099 2122 2126 2131 2132 2141 2143 2161 2171 2173 2182 2183 2222 2234 2244 2245 2247 2250 2264 2274 2275 2285 2286 2288 2295 2298 2301 2310 2321 2322 2324 2342 2359 2379 2390 2398 2422 2424 2429 2458 2474 2479 2493 2494 2502 2508 2512 2516 2525 2533 2535 2538 2540 2544 2605 2614 2616 2617 2629 2632 2636 2640 2649 2657 2669 2674 2676 2678 2686 2693 2695 2710 2717 2739 2748 2755 2808 2809 2813 2819 2851 2859 2881 2884 2894 2897 2906 2907 2917 2937 2960 2965 2972 2979 2982 3019 3037 3055 3057 3064 3104 3111 3158 3163 3210 3220 3227 3242 3258 3274 3275 3284 3309 3402 3439 3451 3471 3500 3504 3518 3544 3561 3577 3582 3589 3590 3592 3655 3671 3683 3714 3760 3774 3788 3803 3825 3828 3872 3894 3917 3943 3992 4030 4050 4076 4080 4083 4113 4145 4153 4180 4181 4227 4232 4236 4282 4288 4290 4361 4456 4494 4505 4515 4535 4551 4573 4619 4624 4636 4639 4672 4691 4734 4846 4858 4862 4872 4879 4917 4919 4960 5004 5079 5122 5170 5212 5223 5238 5254 5282 5299 5300 5313 5394 5399 5402 5421 5426 5439 5465 5505 5512 5517 5575 5577 5590 5608 5614 5617 5620 5638 5655 5660 5664 5773 5779 5809 5815 5830 5846 5882 5902 5930 5943 5962 5969 5983;
Charset Partition_18 = 16 23 33 35 45 69 97 106 107 114 136 138 162 171 198 241 257 258 259 295 299 302 313 320 328 342 349 356 363 373 374 381 382 387 391 411 430 441 511 529 541 550 584 593 597 607 612 630 637 641 644 649 660 663 676 678 689 710 723 738 741 743 744 746 749 754 765 795 801 809 841 848 866 881 884 909 915 924 935 940 948 949 958 970 989 994 999 1002 1024 1059 1070 1096 1097 1123 1131 1134 1141 1144 1151 1153 1157 1170 1171 1174 1185 1212 1223 1236 1238 1254 1261 1276 1281 1299 1302 1305 1327 1345 1352 1357 1365 1369 1370 1377 1395 1399 1433 1489 1492 1502 1530 1548 1557 1569 1575 1622 1635 1645 1656 1679 1716 1723 1731 1740 1752 1765 1770 1804 1805 1807 1830 1833 1838 1839 1875 1886 1896 1899 1902 1903 1909 1913 1918 1925 1926 1943 1946 1959 1970 1994 2088 2089 2105 2119 2129 2156 2172 2185 2204 2225 2255 2257 2263 2271 2329 2350 2367 2370 2376 2384 2387 2388 2397 2407 2408 2412 2417 2441 2456 2460 2463 2469 2481 2521 2542 2578 2602 2607 2635 2641 2653 2664 2691 2702 2707 2709 2719 2723 2746 2752 2764 2783 2800 2824 2831 2840 2841 2842 2847 2852 2860 2867 2871 2872 2885 2895 2909 2920 2923 2929 2949 2952 2956 2959 2961 2968 2969 2984 2986 3004 3013 3060 3072 3077 3078 3138 3148 3187 3198 3202 3209 3226 3255 3265 3283 3295 3306 3329 3335 3354 3416 3417 3421 3425 3472 3478 3497 3529 3554 3607 3613 3642 3643 3646 3672 3699 3707 3722 3724 3756 3799 3819 3842 3907 3914 3942 3964 3995 4028 4061 4119 4125 4196 4224 4238 4261 4308 4327 4348 4411 4432 4438 4479 4485 4543 4555 4576 4583 4720 4757 4874 4907 4908 4966 4975 5017 5026 5030 5037 5038 5046 5083 5088 5125 5134 5137 5144 5149 5185 5190 5200 5207 5213 5225 5244 5261 5272 5322 5333 5357 5365 5385 5388 5397 5518 5527 5534 5626 5645 5674 5695 5712 5752 5794 5805 5812 5835 5855 5868 5891 5898 5916 5928 5937 5939 5941;
Charset Partition_19 = 19 22 38 50 73 74 84 96 100 158 161 181 186 192 222 224 237 249 251 254 256 260 272 282 291 292 293 294 306 331 360 367 369 404 412 413 424 427 432 435 440 447 465 466 478 480 489 491 510 536 538 564 574 582 598 606 624 654 672 706 715 763 775 779 788 798 816 855 867 889 891 898 916 930 938 941 944 945 964 966 975 985 986 988 1004 1005 1014 1038 1044 1061 1067 1072 1087 1091 1104 1112 1114 1127 1137 1138 1143 1158 1160 1184 1187 1213 1219 1220 1235 1244 1259 1282 1287 1323 1324 1334 1341 1385 1404 1411 1417 1428 1440 1446 1488 1494 1499 1518 1519 1524 1525 1533 1558 1566 1568 1574 1582 1595 1605 1613 1616 1630 1636 1658 1663 1674 1677 1682 1686 1688 1701 1702 1710 1715 1728 1736 1753 1781 1783 1789 1803 1813 1816 1857 1871 1880 1891 1893 1906 1907 1916 1923 1960 1966 1978 1981 1983 1990 1991 1993 2004 2005 2007 2068 2075 2085 2121 2123 2133 2139 2150 2174 2196 2202 2219 2240 2253 2261 2262 2270 2299 2309 2343 2364 2373 2375 2403 2414 2416 2433 2434 2437 2457 2478 2482 2485 2505 2506 2507 2537 2545 2546 2547 2555 2563 2584 2604 2608 2609 2638 2643 2645 2651 2655 2683 2700 2706 2718 2775 2777 2785 2806 2810 2816 2832 2848 2908 2919 2926 2934 2939 2946 2966 2975 2977 2992 2993 3000 3012 3014 3024 3056 3059 3082 3143 3190 3197 3203 3211 3229 3236 3237 3238 3253 3259 3267 3289 3316 3322 3350 3361 3374 3399 3418 3480 3517 3522 3525 3533 3555 3564 3581 3594 3632 3688 3710 3716 3735 3739 3758 3773 3783 3793 3795 3804 3815 3855 3892 3899 3908 3945 3951 3963 3966 3967 3976 3987 3990 3997 4011 4112 4128 4132 4177 4201 4214 4301 4428 4457 4465 4538 4542 4559 4561 4623 4630 4647 4657 4685 4689 4704 4755 4788 4789 4829 4830 4906 4949 4953 4958 4974 5013 5016 5018 5032 5064 5082 5085 5092 5094 5118 5119 5130 5173 5177 5188 5205 5236 5258 5290 5296 5321 5329 5343 5347 5349 5359 5400 5409 5429 5434 5435 5442 5443 5449 5479 5522 5533 5552 5556 5573 5578 5591 5602 5625 5629 5640 5678 5679 5680 5692 5698 5701 5726 5728 5730 5731 5734 5764 5782 5798 5836 5844 5852 5858 5866 5872 5886 5920 5944 5959;
Charset Partition_20 = 37 41 46 76 102 113 129 131 143 169 193 199 209 233 244 262 268 285 286 304 315 333 338 346 358 383 420 423 429 431 456 471 497 499 520 521 525 540 542 547 557 562 566 586 596 602 621 631 640 691 705 719 757 761 786 799 800 806 812 818 819 821 822 823 827 840 846 860 873 879 886 908 911 913 936 953 972 1016 1081 1136 1139 1149 1154 1186 1195 1208 1210 1285 1300 1315 1328 1351 1362 1374 1384 1459 1473 1475 1487 1511 1567 1599 1627 1652 1669 1718 1719 1721 1737 1743 1755 1760 1798 1812 1888 1930 1937 1938 1984 1989 1997 1999 2025 2036 2066 2071 2076 2079 2090 2101 2118 2127 2163 2178 2186 2203 2208 2221 2235 2243 2260 2269 2308 2332 2333 2338 2349 2351 2353 2365 2378 2380 2392 2426 2430 2468 2475 2492 2513 2515 2524 2526 2531 2548 2553 2581 2585 2591 2625 2646 2680 2714 2737 2773 2846 2858 2887 2896 2925 2927 2935 2947 2962 2981 2995 3011 3018 3026 3041 3051 3054 3070 3084 3097 3133 3151 3153 3159 3160 3169 3175 3180 3185 3199 3205 3216 3230 3243 3247 3268 3269 3271 3280 3323 3351 3391 3392 3395 3408 3410 3434 3443 3462 3467 3494 3510 3548 3549 3583 3586 3606 3640 3659 3660 3664 3665 3690 3694 3706 3711 3740 3747 3777 3796 3801 3850 3862 3873 3878 3901 3912 3918 3923 3929 3944 3946 3962 3973 3974 3980 3983 3985 4057 4062 4077 4097 4135 4188 4198 4229 4233 4237 4244 4264 4276 4292 4331 4344 4362 4363 4365 4367 4386 4392 4419 4435 4447 4475 4492 4518 4528 4554 4556 4564 4608 4620 4661 4671 4700 4721 4723 4724 4726 4776 4799 4809 4838 4916 4983 5014 5021 5069 5076 5077 5096 5103 5115 5154 5155 5164 5166 5181 5191 5216 5235 5245 5246 5264 5316 5323 5325 5335 5340 5356 5386 5387 5405 5413 5416 5430 5447 5542 5569 5584 5593 5606 5607 5621 5630 5632 5634 5656 5667 5690 5697 5699 5702 5704 5708 5713 5714 5722 5727 5757 5791 5821 5841 5842 5849 5856 5861 5862 5867 5871 5877 5901 5909 5913 5915 5942 5966;
Charset Partition_21 = 13 53 95 101 150 184 197 210 220 234 276 288 289 300 310 324 339 348 378 397 405 470 475 501 503 509 539 543 559 560 576 590 609 614 632 664 671 704 707 713 737 742 756 783 789 790 835 842 843 896 901 918 950 965 974 984 993 1043 1050 1071 1077 1182 1196 1199 1201 1225 1246 1291 1313 1318 1325 1329 1373 1450 1453 1460 1477 1481 1504 1526 1531 1547 1620 1626 1649 1678 1689 1750 1785 1790 1952 2009 2015 2016 2019 2023 2024 2045 2134 2146 2162 2166 2206 2223 2231 2238 2266 2279 2328 2345 2356 2395 2440 2454 2483 2497 2527 2549 2580 2620 2650 2682 2689 2694 2696 2734 2760 2779 2802 2845 2875 2905 2912 2989 2998 3001 3044 3050 3065 3105 3129 3155 3172 3195 3233 3250 3270 3276 3294 3302 3313 3330 3359 3376 3394 3405 3406 3432 3466 3469 3470 3496 3523 3530 3535 3538 3584 3596 3712 3728 3730 3732 3755 3771 3789 3827 3833 3836 3837 3885 3900 3931 3955 3982 3996 4005 4010 4029 4079 4121 4158 4197 4210 4221 4259 4295 4310 4311 4329 4330 4336 4357 4360 4384 4417 4448 4460 4495 4513 4536 4560 4614 4618 4641 4673 4705 4714 4740 4756 4769 4775 4778 4796 4807 4820 4835 4878 4882 4883 4890 4894 4909 4920 4942 4948 4965 5025 5027 5061 5067 5086 5114 5116 5117 5132 5186 5237 5304 5332 5341 5344 5366 5382 5396 5408 5433 5436 5440 5450 5462 5482 5488 5520 5536 5538 5547 5550 5570 5599 5611 5646 5663 5670 5672 5677 5688 5693 5716 5751 5765 5768 5776 5831 5843 5869 5883 5889 5894 5946 5947 5958 5960 5974 5976 5985 5993 5995 5999;
Charset Partition_22 = 10 11 20 31 111 112 152 164 172 196 207 225 303 305 317 322 357 365 379 384 393 438 459 500 516 533 573 655 677 683 690 694 697 698 720 727 750 811 832 850 857 906 932 937 962 980 990 1145 1206 1207 1231 1268 1288 1321 1348 1401 1432 1437 1451 1486 1510 1552 1570 1580 1585 1759 1791 1826 1835 1837 1860 1861 1864 1947 2002 2050 2072 2113 2130 2218 2268 2281 2317 2383 2459 2465 2541 2551 2554 2698 2728 2735 2833 2873 2903 2928 2954 3007 3017 3021 3027 3032 3062 3090 3093 3118 3121 3130 3134 3136 3152 3184 3186 3235 3239 3240 3245 3261 3272 3285 3286 3310 3318 3327 3370 3411 3412 3440 3441 3449 3461 3465 3520 3551 3560 3566 3578 3588 3624 3630 3656 3677 3685 3743 3770 3820 3821 3824 3831 3853 3860 3861 3864 3876 3891 3893 3895 3911 3913 3939 3940 3979 4033 4036 4045 4102 4139 4146 4149 4156 4168 4173 4204 4205 4216 4241 4277 4281 4328 4340 4349 4373 4393 4413 4436 4441 4443 4462 4484 4491 4496 4498 4511 4540 4545 4558 4597 4602 4603 4617 4669 4677 4687 4697 4739 4745 4852 4866 4871 4893 4932 4933 4952 4954 4963 4996 5000 5003 5011 5040 5057 5072 5080 5084 5090 5106 5126 5127 5157 5169 5189 5199 5201 5203 5229 5240 5247 5295 5324 5348 5350 5360 5363 5380 5403 5407 5423 5432 5451 5455 5466 5467 5473 5491 5506 5509 5561 5564 5572 5585 5618 5622 5633 5654 5659 5662 5675 5683 5705 5732 5733 5739 5748 5762 5766 5778 5789 5796 5799 5810 5814 5820 5827 5834 5853 5859 5874 5887 5895 5936 5945 5982 5998;
Charset Partition_23 = 32 104 141 142 168 175 180 213 263 280 327 341 371 386 399 401 437 444 544 554 585 627 685 717 773 784 794 853 897 943 996 1704 1726 1890 2000 2041 2054 2096 2117 2168 2175 2211 2217 2233 2410 2519 2523 2566 2642 2902 3002 3029 3030 3038 3110 3117 3119 3123 3135 3137 3139 3182 3234 3303 3317 3331 3339 3344 3345 3371 3372 3387 3404 3419 3420 3422 3423 3437 3442 3485 3503 3557 3558 3567 3580 3585 3595 3598 3599 3609 3635 3641 3658 3668 3675 3679 3702 3718 3731 3736 3753 3786 3805 3809 3810 3816 3832 3834 3838 3843 3847 3857 3896 3905 3930 3941 3947 3952 3965 4015 4031 4072 4078 4084 4092 4108 4110 4126 4138 4142 4157 4161 4182 4254 4304 4309 4318 4338 4356 4376 4385 4387 4396 4409 4472 4481 4504 4522 4547 4553 4568 4572 4638 4670 4676 4681 4693 4694 4737 4746 4784 4792 4798 4806 4811 4812 4850 4851 4868 4922 4928 4940 4950 5039 5043 5050 5058 5099 5124 5136 5143 5163 5167 5180 5183 5195 5198 5221 5230 5232 5250 5280 5319 5327 5336 5353 5355 5404 5410 5417 5452 5460 5480 5484 5486 5487 5495 5609 5636 5691 5719 5724 5759 5769 5770 5811 5863 5873 5875 5890 5907 5919 5923 5929 5935 5938 5954 5970;
Charset Partition_24 = 77 83 204 264 352 353 439 449 462 512 528 546 551 592 595 642 695 736 865 892 1021 1084 1092 1107 1122 1128 1147 1331 1350 1393 1427 1430 1576 1664 1691 1779 1828 1912 1965 1975 2029 2125 2179 2226 2248 2500 2675 2768 2782 2798 2827 2855 2865 3040 3066 3068 3074 3075 3088 3089 3115 3125 3127 3171 3176 3179 3188 3193 3213 3214 3217 3218 3223 3224 3228 3246 3251 3260 3287 3290 3305 3307 3334 3366 3373 3388 3397 3475 3521 3532 3620 3625 3682 3689 3700 3725 3727 3746 3764 3779 3792 3807 3845 3879 3880 3903 3916 3919 3926 3938 3949 3960 3961 3972 3978 3988 3991 3993 4041 4065 4066 4068 4082 4118 4120 4131 4136 4143 4163 4167 4174 4187 4217 4253 4266 4268 4269 4302 4317 4319 4339 4380 4381 4394 4449 4454 4466 4476 4499 4501 4514 4519 4531 4593 4629 4635 4643 4645 4690 4706 4729 4735 4791 4813 4817 4827 4849 4855 4863 4884 4934 4945 4988 4995 4997 5001 5024 5054 5060 5087 5097 5120 5147 5156 5162 5178 5193 5211 5241 5242 5249 5266 5286 5311 5334 5337 5354 5371 5372 5374 5376 5384 5411 5420 5425 5456 5458 5461 5463 5481 5493 5514 5551 5588 5592 5595 5605 5613 5673 5687 5703 5754 5775 5780 5792 5795 5801 5802 5807 5816 5839 5876 5888 5900 5950 5952 5957 5980 5984;
Charset Partition_25 = 21 61 115 270 309 407 415 651 662 920 925 971 1000 1900 2044 2452 2504 2593 2660 2681 2774 2786 2836 2837 2988 3052 3081 3101 3107 3145 3157 3181 3196 3225 3244 3254 3278 3282 3288 3320 3325 3328 3337 3357 3358 3375 3409 3463 3477 3506 3534 3537 3540 3547 3616 3662 3667 3750 3823 3826 3852 3869 3886 3889 3902 3906 3909 3959 3970 3994 4008 4039 4040 4042 4054 4075 4093 4096 4103 4116 4123 4151 4193 4213 4239 4249 4291 4294 4297 4321 4324 4335 4347 4421 4451 4455 4471 4477 4497 4509 4541 4563 4566 4578 4599 4609 4656 4708 4717 4749 4763 4771 4825 4910 4912 4959 4991 5028 5029 5042 5055 5065 5070 5151 5176 5184 5217 5233 5251 5259 5275 5279 5284 5328 5362 5373 5401 5431 5459 5483 5492 5502 5525 5531 5545 5546 5563 5571 5615 5669 5686 5706 5723 5736 5740 5755 5756 5774 5797 5824 5829 5832 5865 5870 5940 5949 5965 5971 5977 5978;
Charset Partition_26 = 281 421 572 669 673 769 831 954 978 1859 1883 2037 2060 2159 2922 2924 3039 3091 3099 3114 3191 3208 3219 3297 3299 3380 3386 3433 3486 3492 3502 3524 3528 3552 3553 3573 3627 3636 3644 3645 3651 3678 3705 3723 3742 3744 3751 3759 3781 3817 3822 3829 3858 4002 4070 4190 4212 4226 4314 4351 4389 4391 4406 4420 4429 4450 4529 4539 4548 4615 4736 4750 4857 4927 4930 4944 4982 5012 5023 5045 5066 5071 5093 5101 5109 5129 5138 5139 5152 5161 5208 5234 5265 5274 5276 5285 5393 5398 5422 5504 5510 5513 5541 5553 5558 5559 5582 5594 5643 5653 5658 5709 5790 5803 5808 5817 5826 5878 5905 5908 5926 5992;
Charset Partition_27 = 89 202 388 446 458 581 716 914 1018 1696 2053 2092 2282 2368 2518 2586 2795 2869 3015 3036 3046 3048 3071 3096 3116 3156 3221 3298 3304 3315 3340 3368 3385 3452 3456 3489 3604 3608 3612 3661 3663 3686 3691 3696 3717 3737 3776 3812 3830 3859 3863 3924 3950 4000 4026 4056 4150 4154 4245 4258 4298 4333 4341 4383 4407 4416 4458 4469 4474 4480 4523 4546 4567 4613 4631 4660 4695 4703 4713 4744 4761 4801 4810 4814 4843 4885 4887 4897 4901 4946 4962 4986 4989 5007 5033 5034 5051 5108 5123 5128 5150 5260 5315 5379 5395 5415 5476 5516 5519 5521 5544 5565 5566 5567 5694 5721 5761 5837 5840 5848 5851 5911 5934 5987 5988;
Charset Partition_28 = 24 52 98 155 188 190 408 467 513 565 587 594 730 768 917 998 1290 2039 2149 2363 2567 2634 2697 2725 2915 2994 3003 3005 3016 3043 3045 3061 3063 3067 3080 3085 3087 3092 3112 3122 3128 3131 3140 3144 3147 3149 3154 3164 3170 3174 3178 3189 3192 3194 3200 3201 3206 3207 3212 3231 3232 3248 3281 3291 3300 3312 3314 3319 3321 3324 3341 3348 3352 3362 3365 3369 3379 3383 3384 3393 3398 3401 3413 3427 3428 3435 3450 3453 3454 3457 3459 3460 3474 3481 3487 3488 3499 3508 3511 3516 3519 3526 3531 3536 3539 3541 3546 3568 3569 3570 3574 3575 3576 3579 3601 3605 3617 3621 3622 3626 3628 3637 3649 3652 3657 3669 3674 3704 3715 3721 3726 3749 3752 3754 3763 3765 3778 3785 3790 3791 3798 3802 3813 3835 3839 3844 3865 3871 3875 3883 3888 3890 3915 3925 3928 3935 3937 3954 3957 3968 3969 3975 3981 3984 3989 3999 4004 4006 4007 4012 4013 4018 4027 4032 4037 4038 4043 4044 4049 4052 4053 4058 4059 4060 4069 4071 4073 4074 4081 4085 4086 4087 4088 4090 4094 4095 4099 4100 4101 4105 4106 4107 4109 4114 4115 4122 4124 4134 4137 4141 4144 4147 4155 4166 4169 4175 4184 4185 4186 4189 4192 4195 4202 4206 4207 4209 4211 4220 4223 4225 4228 4230 4235 4240 4246 4250 4252 4257 4267 4273 4274 4275 4279 4280 4285 4286 4287 4293 4296 4300 4305 4306 4312 4313 4322 4323 4325 4334 4342 4346 4352 4354 4359 4366 4369 4370 4371 4372 4374 4377 4382 4390 4395 4397 4400 4401 4405 4412 4415 4418 4427 4430 4431 4434 4439 4440 4445 4446 4459 4461 4463 4464 4467 4468 4473 4483 4487 4488 4489 4490 4493 4500 4502 4503 4506 4507 4508 4510 4512 4520 4521 4526 4527 4530 4534 4544 4549 4550 4569 4571 4574 4575 4579 4580 4585 4587 4588 4589 4592 4594 4598 4600 4601 4605 4606 4607 4611 4616 4621 4622 4625 4633 4640 4642 4644 4648 4649 4650 4651 4655 4663 4666 4675 4679 4680 4682 4684 4688 4692 4696 4698 4701 4710 4712 4722 4727 4730 4733 4741 4742 4747 4748 4751 4752 4759 4762 4764 4765 4767 4770 4773 4774 4779 4780 4781 4785 4793 4795 4797 4800 4803 4804 4808 4815 4818 4821 4822 4823 4824 4828 4831 4834 4836 4837 4840 4844 4847 4853 4856 4860 4864 4865 4867 4870 4875 4876 4880 4881 4888 4889 4891 4892 4895 4896 4898 4899 4900 4902 4903 4904 4913 4914 4918 4923 4926 4929 4935 4936 4947 4951 4956 4957 4967 4971 4972 4976 4978 4981 4992 4993 5005 5015 5022 5035 5036 5044 5047 5053 5056 5073 5078 5089 5091 5095 5098 5105 5107 5131 5145 5146 5148 5171 5179 5182 5194 5197 5209 5210 5215 5224 5227 5231 5239 5252 5255 5257 5263 5267 5268 5270 5271 5291 5301 5307 5308 5331 5338 5364 5370 5377 5390 5392 5406 5418 5419 5424 5427 5445 5446 5453 5454 5457 5472 5474 5475 5489 5494 5501 5507 5524 5526 5528 5530 5543 5549 5554 5581 5583 5600 5603 5610 5616 5627 5647 5649 5652 5661 5666 5668 5671 5676 5684 5689 5711 5715 5720 5737 5741 5742 5744 5750 5760 5771 5772 5785 5823 5825 5828 5857 5860 5879 5880 5881 5893 5897 5899 5906 5912 5917 5921 5922 5925 5932 5948 5955 5964 5967 5972 5981 5989 5994 5996;
partition Partitions = 28: Partition_1, Partition_2, Partition_3, Partition_4, Partition_5, Partition_6, Partition_7, Partition_8, Partition_9, Partition_10, Partition_11, Partition_12, Partition_13, Partition_14, Partition_15, Partition_16, Partition_17, Partition_18, Partition_19, Partition_20, Partition_21, Partition_22, Partition_23, Partition_24, Partition_25, Partition_26, Partition_27, Partition_28;
set partition = Partitions;


PHYLIP  style
DNA, Partition_1 = 124, 2498, 2536, 2950, 2997, 3120, 4584, 4709, 5104, 5226, 5523
DNA, Partition_2 = 57, 319, 623, 955, 1697, 1848, 2529, 2751, 4104, 4637, 4977, 5112, 5918
DNA, Partition_3 = 721, 766, 778, 1479, 1733, 1897, 2151, 2685, 2712, 2844, 2980, 3921, 5121, 5305, 5838
DNA, Partition_4 = 452, 507, 648, 760, 862, 1177, 1877, 2034, 2374, 2420, 2890, 2971, 3738, 4016, 4034, 4129, 4199, 4364, 4537, 5010, 5100, 5317, 5320, 5892
DNA, Partition_5 = 6, 15, 105, 296, 350, 837, 905, 928, 1034, 1120, 1559, 1676, 1695, 1738, 2128, 2415, 2472, 2484, 2495, 2514, 2543, 2606, 2610, 2656, 2750, 2958, 4020, 4064, 4263, 4316, 4552, 4760, 4783, 4987, 5031, 5214, 5738
DNA, Partition_6 = 18, 51, 366, 398, 463, 482, 496, 506, 522, 552, 611, 658, 732, 755, 1022, 1079, 1347, 1378, 1396, 1429, 1633, 1921, 1956, 2032, 2114, 2385, 2389, 2423, 2601, 2652, 2687, 2722, 2818, 2826, 3006, 3102, 3292, 3514, 3556, 3618, 3897, 3956, 4444, 4517, 4968, 5048, 5174, 5273, 5277, 5306, 5389, 5471, 5580
DNA, Partition_7 = 67, 90, 189, 214, 762, 772, 792, 874, 1031, 1069, 1094, 1301, 1342, 1514, 1648, 1666, 1680, 1698, 1762, 1775, 1784, 1811, 1856, 1936, 1986, 2018, 2093, 2115, 2190, 2227, 2311, 2316, 2358, 2428, 2668, 2945, 3069, 3079, 3177, 3256, 3353, 3445, 3479, 3591, 3633, 3676, 3713, 3745, 3762, 3811, 3953, 4048, 4162, 4278, 4345, 4604, 4686, 4699, 4711, 4790, 4845, 5253, 5309, 5339, 5351, 5745, 5787, 5800, 5833, 5845, 5864, 5904
DNA, Partition_8 = 59, 122, 174, 217, 248, 336, 347, 526, 532, 580, 589, 679, 771, 820, 845, 929, 959, 1033, 1161, 1173, 1279, 1355, 1356, 1458, 1476, 1497, 1507, 1545, 1550, 1571, 1634, 1708, 1732, 1768, 1794, 1910, 1953, 2064, 2297, 2307, 2312, 2391, 2406, 2530, 2582, 2597, 2615, 2665, 2701, 2727, 2761, 2766, 2791, 2850, 2870, 2883, 2921, 2948, 3273, 3333, 3342, 3396, 3429, 3444, 3458, 3507, 3600, 3648, 3695, 3708, 3767, 3780, 3787, 3800, 3936, 3958, 4014, 4111, 4164, 4255, 4272, 4403, 4582, 4715, 4718, 4731, 4772, 4782, 4973, 4985, 5075, 5142, 5158, 5196, 5248, 5281, 5477, 5511, 5562, 5635, 5648, 5725, 5758, 5896, 5924
DNA, Partition_9 = 25, 63, 65, 91, 127, 146, 159, 170, 229, 236, 253, 326, 453, 487, 645, 729, 787, 814, 861, 926, 931, 946, 991, 1023, 1106, 1109, 1241, 1256, 1309, 1338, 1353, 1389, 1448, 1542, 1556, 1591, 1600, 1614, 1693, 1734, 1766, 1787, 1808, 1841, 1868, 1920, 1927, 2003, 2006, 2103, 2160, 2194, 2215, 2290, 2355, 2366, 2394, 2444, 2461, 2556, 2565, 2568, 2577, 2677, 2679, 2756, 2757, 2788, 2790, 2864, 3053, 3109, 3146, 3161, 3263, 3266, 3346, 3355, 3490, 3614, 3629, 3867, 4017, 4019, 4024, 4051, 4183, 4191, 4203, 4251, 4289, 4303, 4320, 4433, 4437, 4525, 4570, 4586, 4612, 4665, 4667, 4678, 4716, 4819, 4841, 4869, 4925, 5008, 5020, 5052, 5314, 5326, 5414, 5448, 5485, 5651, 5696, 5700, 5763, 5786, 5951, 5986, 5990
DNA, Partition_10 = 43, 55, 119, 166, 308, 314, 334, 359, 418, 450, 451, 490, 492, 508, 518, 549, 599, 615, 633, 647, 653, 780, 875, 885, 923, 957, 982, 992, 1006, 1010, 1020, 1028, 1029, 1035, 1053, 1080, 1083, 1102, 1126, 1167, 1204, 1252, 1264, 1284, 1293, 1335, 1346, 1381, 1382, 1407, 1424, 1484, 1491, 1543, 1603, 1684, 1703, 1729, 1776, 1800, 1840, 1874, 1904, 1934, 1958, 2031, 2033, 2063, 2094, 2116, 2135, 2155, 2164, 2195, 2210, 2229, 2278, 2292, 2315, 2340, 2347, 2405, 2447, 2473, 2488, 2550, 2557, 2598, 2599, 2627, 2628, 2631, 2633, 2662, 2666, 2703, 2732, 2765, 2825, 2893, 2957, 2964, 2983, 3095, 3126, 3150, 3301, 3311, 3338, 3347, 3356, 3363, 3364, 3378, 3436, 3476, 3484, 3543, 3703, 3733, 3734, 3766, 3806, 3840, 3848, 3866, 3870, 3882, 3920, 3927, 3977, 4140, 4218, 4243, 4326, 4408, 4425, 4842, 4848, 4931, 4937, 4961, 4984, 5002, 5019, 5133, 5159, 5172, 5283, 5310, 5312, 5342, 5367, 5383, 5540, 5555, 5604, 5612, 5639, 5933, 5961
DNA, Partition_11 = 64, 93, 108, 120, 151, 191, 219, 255, 274, 277, 297, 332, 340, 406, 445, 448, 460, 472, 488, 504, 527, 530, 561, 656, 686, 709, 747, 791, 802, 803, 829, 839, 847, 868, 900, 960, 967, 968, 979, 1049, 1082, 1113, 1133, 1166, 1168, 1249, 1277, 1311, 1349, 1360, 1431, 1441, 1444, 1445, 1493, 1501, 1512, 1513, 1515, 1522, 1563, 1587, 1593, 1597, 1602, 1615, 1629, 1654, 1681, 1683, 1741, 1745, 1767, 1795, 1797, 1814, 1842, 1851, 1866, 1898, 1917, 1998, 2026, 2027, 2030, 2048, 2055, 2056, 2070, 2073, 2074, 2109, 2157, 2188, 2198, 2213, 2237, 2241, 2242, 2283, 2313, 2323, 2371, 2449, 2480, 2509, 2573, 2587, 2644, 2659, 2661, 2671, 2715, 2781, 2796, 2799, 2801, 2804, 2863, 2874, 2882, 2891, 2932, 2941, 2942, 2967, 2990, 2996, 3020, 3023, 3042, 3167, 3279, 3360, 3381, 3400, 3403, 3482, 3491, 3513, 3515, 3593, 3619, 3720, 3741, 3782, 3784, 3808, 3856, 3932, 4023, 4055, 4089, 4159, 4178, 4194, 4200, 4208, 4222, 4242, 4358, 4422, 4453, 4478, 4482, 4486, 4532, 4577, 4590, 4595, 4628, 4659, 4674, 4702, 4738, 4859, 4911, 5041, 5135, 5192, 5206, 5243, 5256, 5292, 5297, 5412, 5478, 5500, 5619, 5623, 5641, 5710, 5735, 5813, 5822
DNA, Partition_12 = 5, 14, 58, 62, 94, 117, 128, 132, 226, 232, 250, 269, 307, 311, 318, 329, 354, 362, 370, 377, 394, 396, 416, 426, 442, 476, 600, 634, 661, 700, 777, 824, 878, 888, 895, 1042, 1058, 1132, 1146, 1155, 1179, 1203, 1215, 1227, 1250, 1255, 1266, 1292, 1308, 1333, 1336, 1354, 1361, 1390, 1400, 1472, 1482, 1483, 1505, 1561, 1584, 1592, 1618, 1644, 1651, 1653, 1667, 1692, 1713, 1739, 1761, 1780, 1782, 1793, 1818, 1825, 1827, 1867, 1870, 1878, 1908, 1941, 1977, 1992, 2014, 2062, 2081, 2091, 2108, 2120, 2137, 2147, 2154, 2167, 2169, 2170, 2184, 2197, 2228, 2256, 2259, 2300, 2304, 2314, 2327, 2331, 2335, 2344, 2361, 2372, 2393, 2400, 2421, 2432, 2435, 2436, 2443, 2445, 2486, 2490, 2570, 2571, 2572, 2579, 2583, 2590, 2596, 2603, 2618, 2623, 2626, 2667, 2704, 2705, 2743, 2749, 2772, 2778, 2780, 2784, 2792, 2794, 2828, 2862, 2877, 2892, 2898, 2901, 2936, 2970, 2985, 3028, 3031, 3034, 3094, 3100, 3106, 3141, 3162, 3166, 3168, 3222, 3249, 3264, 3382, 3407, 3431, 3468, 3501, 3527, 3545, 3572, 3603, 3634, 3670, 3680, 3681, 3697, 3698, 3797, 3818, 3851, 3887, 3904, 3933, 4001, 4035, 4063, 4130, 4160, 4176, 4234, 4260, 4270, 4368, 4378, 4398, 4399, 4402, 4426, 4442, 4452, 4470, 4581, 4652, 4653, 4658, 4758, 4786, 4816, 4861, 4921, 4924, 4964, 4970, 5059, 5113, 5141, 5153, 5187, 5220, 5293, 5298, 5378, 5589, 5601, 5657, 5685, 5729, 5743, 5753, 5788, 5804, 5927, 5963, 5991
DNA, Partition_13 = 17, 26, 75, 78, 126, 130, 187, 205, 208, 218, 238, 242, 279, 283, 284, 343, 403, 464, 468, 473, 494, 534, 535, 548, 571, 613, 635, 638, 652, 693, 722, 748, 781, 813, 828, 961, 981, 995, 1012, 1025, 1027, 1052, 1073, 1090, 1095, 1098, 1100, 1103, 1111, 1148, 1162, 1165, 1183, 1198, 1211, 1257, 1262, 1263, 1269, 1272, 1306, 1317, 1322, 1340, 1364, 1391, 1402, 1403, 1406, 1412, 1426, 1442, 1467, 1468, 1478, 1495, 1527, 1564, 1611, 1638, 1705, 1709, 1714, 1717, 1720, 1748, 1757, 1772, 1815, 1821, 1849, 1858, 1881, 1882, 1887, 1922, 1948, 1987, 2010, 2059, 2067, 2080, 2104, 2144, 2148, 2152, 2153, 2180, 2187, 2214, 2236, 2254, 2272, 2277, 2280, 2291, 2325, 2336, 2341, 2362, 2402, 2409, 2425, 2442, 2489, 2491, 2499, 2510, 2511, 2522, 2558, 2569, 2574, 2612, 2613, 2624, 2648, 2688, 2716, 2720, 2721, 2724, 2745, 2771, 2776, 2797, 2805, 2807, 2814, 2820, 2821, 2835, 2843, 2861, 2910, 2914, 2930, 2940, 2953, 2955, 2963, 2974, 2978, 2999, 3010, 3033, 3073, 3083, 3113, 3142, 3204, 3262, 3293, 3414, 3438, 3447, 3455, 3483, 3509, 3559, 3563, 3587, 3650, 3653, 3684, 3693, 3701, 3794, 3849, 3868, 3884, 3898, 3910, 3986, 4046, 4047, 4098, 4148, 4152, 4165, 4170, 4256, 4353, 4355, 4375, 4379, 4404, 4410, 4414, 4516, 4533, 4565, 4596, 4668, 4719, 4743, 4766, 4768, 4794, 4805, 4873, 4905, 4938, 4943, 4969, 4998, 5063, 5110, 5111, 5269, 5302, 5303, 5330, 5358, 5368, 5391, 5437, 5441, 5444, 5498, 5529, 5537, 5557, 5628, 5644, 5682, 5793, 5884, 5914, 5931, 5997, 6000
DNA, Partition_14 = 1, 28, 48, 49, 54, 60, 85, 88, 92, 103, 110, 140, 173, 179, 212, 223, 235, 271, 287, 312, 323, 345, 375, 389, 390, 392, 395, 402, 495, 514, 553, 568, 583, 588, 616, 622, 625, 628, 665, 674, 682, 701, 703, 718, 728, 731, 751, 764, 767, 770, 782, 851, 856, 859, 864, 869, 870, 883, 910, 912, 933, 934, 942, 976, 983, 1007, 1008, 1009, 1011, 1076, 1078, 1086, 1142, 1150, 1156, 1188, 1189, 1191, 1209, 1218, 1222, 1226, 1237, 1242, 1251, 1267, 1273, 1297, 1298, 1303, 1314, 1326, 1363, 1383, 1387, 1392, 1420, 1421, 1425, 1435, 1439, 1447, 1455, 1469, 1471, 1474, 1490, 1500, 1506, 1520, 1534, 1544, 1562, 1565, 1581, 1607, 1619, 1641, 1647, 1661, 1665, 1668, 1670, 1673, 1707, 1727, 1730, 1735, 1746, 1758, 1771, 1773, 1786, 1799, 1806, 1819, 1843, 1845, 1847, 1855, 1884, 1894, 1895, 1919, 1931, 1933, 1935, 1951, 1954, 1967, 1971, 1980, 2017, 2028, 2038, 2061, 2065, 2077, 2097, 2102, 2140, 2142, 2177, 2192, 2200, 2201, 2220, 2230, 2232, 2249, 2276, 2284, 2287, 2289, 2293, 2303, 2305, 2318, 2339, 2418, 2419, 2431, 2446, 2450, 2453, 2462, 2464, 2466, 2467, 2476, 2503, 2520, 2528, 2534, 2552, 2561, 2594, 2621, 2622, 2637, 2647, 2670, 2673, 2699, 2708, 2711, 2731, 2733, 2740, 2742, 2758, 2762, 2763, 2769, 2793, 2817, 2823, 2838, 2839, 2880, 2951, 2973, 2991, 3009, 3022, 3025, 3035, 3047, 3058, 3086, 3108, 3132, 3165, 3173, 3215, 3252, 3257, 3296, 3326, 3367, 3565, 3610, 3615, 3638, 3654, 3709, 3729, 3841, 3846, 3854, 3881, 4003, 4009, 4021, 4091, 4117, 4215, 4219, 4231, 4262, 4271, 4307, 4337, 4423, 4557, 4562, 4627, 4662, 4664, 4683, 4754, 4787, 4955, 4980, 5006, 5049, 5081, 5102, 5204, 5219, 5228, 5262, 5287, 5288, 5318, 5345, 5346, 5352, 5381, 5438, 5490, 5499, 5508, 5539, 5548, 5574, 5717, 5746, 5806, 5818, 5847, 5910, 5953
DNA, Partition_15 = 4, 27, 34, 44, 47, 56, 68, 79, 86, 109, 121, 125, 153, 154, 167, 178, 183, 194, 201, 206, 228, 231, 239, 245, 252, 275, 290, 301, 321, 335, 355, 368, 419, 454, 469, 477, 483, 519, 523, 531, 537, 555, 558, 563, 577, 601, 603, 605, 619, 626, 629, 643, 666, 667, 670, 680, 702, 714, 725, 734, 739, 752, 758, 759, 776, 785, 804, 807, 825, 836, 858, 876, 880, 890, 903, 907, 919, 922, 927, 947, 952, 969, 997, 1001, 1013, 1015, 1017, 1030, 1032, 1036, 1047, 1056, 1057, 1060, 1062, 1064, 1065, 1066, 1074, 1088, 1089, 1093, 1099, 1105, 1115, 1119, 1124, 1125, 1129, 1130, 1135, 1159, 1172, 1190, 1192, 1197, 1221, 1224, 1229, 1240, 1243, 1245, 1247, 1253, 1265, 1296, 1344, 1366, 1380, 1397, 1414, 1418, 1434, 1438, 1465, 1509, 1528, 1539, 1560, 1572, 1583, 1588, 1594, 1596, 1601, 1608, 1610, 1632, 1642, 1643, 1646, 1659, 1662, 1671, 1687, 1690, 1706, 1711, 1712, 1747, 1754, 1777, 1809, 1850, 1854, 1865, 1876, 1892, 1914, 1924, 1932, 1939, 1940, 1942, 1944, 1949, 1950, 1957, 1964, 1972, 1976, 1979, 2001, 2011, 2013, 2020, 2043, 2049, 2052, 2057, 2083, 2086, 2095, 2107, 2110, 2112, 2136, 2145, 2181, 2191, 2193, 2209, 2216, 2224, 2246, 2252, 2265, 2273, 2302, 2326, 2330, 2334, 2337, 2382, 2386, 2404, 2413, 2427, 2451, 2487, 2496, 2501, 2517, 2575, 2576, 2592, 2595, 2619, 2630, 2658, 2663, 2672, 2684, 2690, 2713, 2726, 2729, 2730, 2736, 2738, 2753, 2759, 2787, 2803, 2812, 2815, 2822, 2829, 2834, 2857, 2866, 2868, 2878, 2879, 2888, 2899, 2904, 2911, 2931, 2933, 2976, 2987, 3008, 3049, 3076, 3103, 3124, 3241, 3277, 3308, 3336, 3343, 3448, 3493, 3542, 3550, 3597, 3623, 3639, 3687, 3719, 3757, 3761, 3769, 3775, 3877, 3948, 3971, 4022, 4067, 4127, 4133, 4171, 4172, 4247, 4248, 4283, 4284, 4299, 4315, 4343, 4388, 4524, 4591, 4707, 4725, 4728, 4777, 4826, 4839, 4877, 4915, 4939, 4941, 4979, 5009, 5062, 5140, 5160, 5168, 5175, 5222, 5470, 5496, 5515, 5532, 5568, 5576, 5579, 5624, 5631, 5637, 5642, 5665, 5681, 5718, 5777, 5781, 5850, 5885, 5956, 5973
DNA, Partition_16 = 2, 7, 8, 9, 12, 30, 36, 39, 42, 70, 72, 80, 81, 82, 87, 99, 116, 123, 133, 139, 144, 145, 147, 148, 156, 157, 160, 165, 195, 200, 203, 216, 221, 227, 243, 246, 278, 316, 325, 337, 344, 361, 376, 385, 400, 409, 414, 417, 425, 428, 434, 479, 486, 493, 524, 569, 604, 608, 610, 620, 650, 675, 684, 687, 688, 696, 711, 726, 735, 745, 774, 793, 797, 805, 826, 830, 844, 882, 887, 893, 894, 921, 939, 973, 977, 987, 1003, 1037, 1039, 1041, 1048, 1063, 1075, 1085, 1108, 1110, 1164, 1169, 1176, 1178, 1180, 1193, 1200, 1202, 1205, 1214, 1216, 1228, 1230, 1258, 1270, 1271, 1274, 1283, 1294, 1310, 1312, 1316, 1339, 1343, 1367, 1368, 1371, 1372, 1375, 1376, 1379, 1388, 1394, 1398, 1409, 1413, 1415, 1422, 1423, 1454, 1457, 1461, 1463, 1464, 1480, 1496, 1498, 1503, 1516, 1523, 1529, 1535, 1536, 1537, 1538, 1541, 1546, 1551, 1555, 1598, 1612, 1617, 1624, 1639, 1650, 1655, 1657, 1700, 1722, 1742, 1751, 1764, 1774, 1788, 1792, 1801, 1810, 1822, 1823, 1824, 1829, 1834, 1844, 1846, 1852, 1853, 1862, 1872, 1889, 1901, 1905, 1915, 1928, 1929, 1963, 1969, 1973, 1985, 1988, 1995, 2021, 2022, 2035, 2040, 2046, 2047, 2069, 2078, 2082, 2084, 2098, 2100, 2106, 2111, 2124, 2138, 2158, 2165, 2176, 2189, 2199, 2205, 2207, 2212, 2239, 2251, 2258, 2267, 2294, 2296, 2306, 2319, 2320, 2346, 2348, 2352, 2354, 2357, 2360, 2369, 2377, 2381, 2396, 2399, 2401, 2411, 2438, 2439, 2448, 2455, 2470, 2471, 2477, 2532, 2539, 2559, 2560, 2562, 2564, 2588, 2589, 2600, 2611, 2639, 2654, 2692, 2741, 2744, 2747, 2754, 2767, 2770, 2789, 2811, 2830, 2849, 2853, 2854, 2856, 2876, 2886, 2889, 2900, 2913, 2916, 2918, 2938, 2943, 2944, 3098, 3183, 3332, 3349, 3377, 3389, 3390, 3415, 3424, 3426, 3430, 3446, 3464, 3473, 3495, 3498, 3505, 3512, 3562, 3571, 3602, 3611, 3631, 3647, 3666, 3673, 3692, 3748, 3768, 3772, 3814, 3874, 3922, 3934, 3998, 4025, 4179, 4265, 4332, 4350, 4424, 4610, 4626, 4632, 4634, 4646, 4654, 4732, 4753, 4802, 4832, 4833, 4854, 4886, 4990, 4994, 4999, 5068, 5074, 5165, 5202, 5218, 5278, 5289, 5294, 5361, 5369, 5375, 5428, 5464, 5468, 5469, 5497, 5503, 5535, 5560, 5586, 5587, 5596, 5597, 5598, 5650, 5707, 5747, 5749, 5767, 5783, 5784, 5819, 5854, 5903, 5968, 5975, 5979
DNA, Partition_17 = 3, 29, 40, 66, 71, 118, 134, 135, 137, 149, 163, 176, 177, 182, 185, 211, 215, 230, 240, 247, 261, 265, 266, 267, 273, 298, 330, 351, 364, 372, 380, 410, 422, 433, 436, 443, 455, 457, 461, 474, 481, 484, 485, 498, 502, 505, 515, 517, 545, 556, 567, 570, 575, 578, 579, 591, 617, 618, 636, 639, 646, 657, 659, 668, 681, 692, 699, 708, 712, 724, 733, 740, 753, 796, 808, 810, 815, 817, 833, 834, 838, 849, 852, 854, 863, 871, 872, 877, 899, 902, 904, 951, 956, 963, 1019, 1026, 1040, 1045, 1046, 1051, 1054, 1055, 1068, 1101, 1116, 1117, 1118, 1121, 1140, 1152, 1163, 1175, 1181, 1194, 1217, 1232, 1233, 1234, 1239, 1248, 1260, 1275, 1278, 1280, 1286, 1289, 1295, 1304, 1307, 1319, 1320, 1330, 1332, 1337, 1358, 1359, 1386, 1405, 1408, 1410, 1416, 1419, 1436, 1443, 1449, 1452, 1456, 1462, 1466, 1470, 1485, 1508, 1517, 1521, 1532, 1540, 1549, 1553, 1554, 1573, 1577, 1578, 1579, 1586, 1589, 1590, 1604, 1606, 1609, 1621, 1623, 1625, 1628, 1631, 1637, 1640, 1660, 1672, 1675, 1685, 1694, 1699, 1724, 1725, 1744, 1749, 1756, 1763, 1769, 1778, 1796, 1802, 1817, 1820, 1831, 1832, 1836, 1863, 1869, 1873, 1879, 1885, 1911, 1945, 1955, 1961, 1962, 1968, 1974, 1982, 1996, 2008, 2012, 2042, 2051, 2058, 2087, 2099, 2122, 2126, 2131, 2132, 2141, 2143, 2161, 2171, 2173, 2182, 2183, 2222, 2234, 2244, 2245, 2247, 2250, 2264, 2274, 2275, 2285, 2286, 2288, 2295, 2298, 2301, 2310, 2321, 2322, 2324, 2342, 2359, 2379, 2390, 2398, 2422, 2424, 2429, 2458, 2474, 2479, 2493, 2494, 2502, 2508, 2512, 2516, 2525, 2533, 2535, 2538, 2540, 2544, 2605, 2614, 2616, 2617, 2629, 2632, 2636, 2640, 2649, 2657, 2669, 2674, 2676, 2678, 2686, 2693, 2695, 2710, 2717, 2739, 2748, 2755, 2808, 2809, 2813, 2819, 2851, 2859, 2881, 2884, 2894, 2897, 2906, 2907, 2917, 2937, 2960, 2965, 2972, 2979, 2982, 3019, 3037, 3055, 3057, 3064, 3104, 3111, 3158, 3163, 3210, 3220, 3227, 3242, 3258, 3274, 3275, 3284, 3309, 3402, 3439, 3451, 3471, 3500, 3504, 3518, 3544, 3561, 3577, 3582, 3589, 3590, 3592, 3655, 3671, 3683, 3714, 3760, 3774, 3788, 3803, 3825, 3828, 3872, 3894, 3917, 3943, 3992, 4030, 4050, 4076, 4080, 4083, 4113, 4145, 4153, 4180, 4181, 4227, 4232, 4236, 4282, 4288, 4290, 4361, 4456, 4494, 4505, 4515, 4535, 4551, 4573, 4619, 4624, 4636, 4639, 4672, 4691, 4734, 4846, 4858, 4862, 4872, 4879, 4917, 4919, 4960, 5004, 5079, 5122, 5170, 5212, 5223, 5238, 5254, 5282, 5299, 5300, 5313, 5394, 5399, 5402, 5421, 5426, 5439, 5465, 5505, 5512, 5517, 5575, 5577, 5590, 5608, 5614, 5617, 5620, 5638, 5655, 5660, 5664, 5773, 5779, 5809, 5815, 5830, 5846, 5882, 5902, 5930, 5943, 5962, 5969, 5983
DNA, Partition_18 = 16, 23, 33, 35, 45, 69, 97, 106, 107, 114, 136, 138, 162, 171, 198, 241, 257, 258, 259, 295, 299, 302, 313, 320, 328, 342, 349, 356, 363, 373, 374, 381, 382, 387, 391, 411, 430, 441, 511, 529, 541, 550, 584, 593, 597, 607, 612, 630, 637, 641, 644, 649, 660, 663, 676, 678, 689, 710, 723, 738, 741, 743, 744, 746, 749, 754, 765, 795, 801, 809, 841, 848, 866, 881, 884, 909, 915, 924, 935, 940, 948, 949, 958, 970, 989, 994, 999, 1002, 1024, 1059, 1070, 1096, 1097, 1123, 1131, 1134, 1141, 1144, 1151, 1153, 1157, 1170, 1171, 1174, 1185, 1212, 1223, 1236, 1238, 1254, 1261, 1276, 1281, 1299, 1302, 1305, 1327, 1345, 1352, 1357, 1365, 1369, 1370, 1377, 1395, 1399, 1433, 1489, 1492, 1502, 1530, 1548, 1557, 1569, 1575, 1622, 1635, 1645, 1656, 1679, 1716, 1723, 1731, 1740, 1752, 1765, 1770, 1804, 1805, 1807, 1830, 1833, 1838, 1839, 1875, 1886, 1896, 1899, 1902, 1903, 1909, 1913, 1918, 1925, 1926, 1943, 1946, 1959, 1970, 1994, 2088, 2089, 2105, 2119, 2129, 2156, 2172, 2185, 2204, 2225, 2255, 2257, 2263, 2271, 2329, 2350, 2367, 2370, 2376, 2384, 2387, 2388, 2397, 2407, 2408, 2412, 2417, 2441, 2456, 2460, 2463, 2469, 2481, 2521, 2542, 2578, 2602, 2607, 2635, 2641, 2653, 2664, 2691, 2702, 2707, 2709, 2719, 2723, 2746, 2752, 2764, 2783, 2800, 2824, 2831, 2840, 2841, 2842, 2847, 2852, 2860, 2867, 2871, 2872, 2885, 2895, 2909, 2920, 2923, 2929, 2949, 2952, 2956, 2959, 2961, 2968, 2969, 2984, 2986, 3004, 3013, 3060, 3072, 3077, 3078, 3138, 3148, 3187, 3198, 3202, 3209, 3226, 3255, 3265, 3283, 3295, 3306, 3329, 3335, 3354, 3416, 3417, 3421, 3425, 3472, 3478, 3497, 3529, 3554, 3607, 3613, 3642, 3643, 3646, 3672, 3699, 3707, 3722, 3724, 3756, 3799, 3819, 3842, 3907, 3914, 3942, 3964, 3995, 4028, 4061, 4119, 4125, 4196, 4224, 4238, 4261, 4308, 4327, 4348, 4411, 4432, 4438, 4479, 4485, 4543, 4555, 4576, 4583, 4720, 4757, 4874, 4907, 4908, 4966, 4975, 5017, 5026, 5030, 5037, 5038, 5046, 5083, 5088, 5125, 5134, 5137, 5144, 5149, 5185, 5190, 5200, 5207, 5213, 5225, 5244, 5261, 5272, 5322, 5333, 5357, 5365, 5385, 5388, 5397, 5518, 5527, 5534, 5626, 5645, 5674, 5695, 5712, 5752, 5794, 5805, 5812, 5835, 5855, 5868, 5891, 5898, 5916, 5928, 5937, 5939, 5941
DNA, Partition_19 = 19, 22, 38, 50, 73, 74, 84, 96, 100, 158, 161, 181, 186, 192, 222, 224, 237, 249, 251, 254, 256, 260, 272, 282, 291, 292, 293, 294, 306, 331, 360, 367, 369, 404, 412, 413, 424, 427, 432, 435, 440, 447, 465, 466, 478, 480, 489, 491, 510, 536, 538, 564, 574, 582, 598, 606, 624, 654, 672, 706, 715, 763, 775, 779, 788, 798, 816, 855, 867, 889, 891, 898, 916, 930, 938, 941, 944, 945, 964, 966, 975, 985, 986, 988, 1004, 1005, 1014, 1038, 1044, 1061, 1067, 1072, 1087, 1091, 1104, 1112, 1114, 1127, 1137, 1138, 1143, 1158, 1160, 1184, 1187, 1213, 1219, 1220, 1235, 1244, 1259, 1282, 1287, 1323, 1324, 1334, 1341, 1385, 1404, 1411, 1417, 1428, 1440, 1446, 1488, 1494, 1499, 1518, 1519, 1524, 1525, 1533, 1558, 1566, 1568, 1574, 1582, 1595, 1605, 1613, 1616, 1630, 1636, 1658, 1663, 1674, 1677, 1682, 1686, 1688, 1701, 1702, 1710, 1715, 1728, 1736, 1753, 1781, 1783, 1789, 1803, 1813, 1816, 1857, 1871, 1880, 1891, 1893, 1906, 1907, 1916, 1923, 1960, 1966, 1978, 1981, 1983, 1990, 1991, 1993, 2004, 2005, 2007, 2068, 2075, 2085, 2121, 2123, 2133, 2139, 2150, 2174, 2196, 2202, 2219, 2240, 2253, 2261, 2262, 2270, 2299, 2309, 2343, 2364, 2373, 2375, 2403, 2414, 2416, 2433, 2434, 2437, 2457, 2478, 2482, 2485, 2505, 2506, 2507, 2537, 2545, 2546, 2547, 2555, 2563, 2584, 2604, 2608, 2609, 2638, 2643, 2645, 2651, 2655, 2683, 2700, 2706, 2718, 2775, 2777, 2785, 2806, 2810, 2816, 2832, 2848, 2908, 2919, 2926, 2934, 2939, 2946, 2966, 2975, 2977, 2992, 2993, 3000, 3012, 3014, 3024, 3056, 3059, 3082, 3143, 3190, 3197, 3203, 3211, 3229, 3236, 3237, 3238, 3253, 3259, 3267, 3289, 3316, 3322, 3350, 3361, 3374, 3399, 3418, 3480, 3517, 3522, 3525, 3533, 3555, 3564, 3581, 3594, 3632, 3688, 3710, 3716, 3735, 3739, 3758, 3773, 3783, 3793, 3795, 3804, 3815, 3855, 3892, 3899, 3908, 3945, 3951, 3963, 3966, 3967, 3976, 3987, 3990, 3997, 4011, 4112, 4128, 4132, 4177, 4201, 4214, 4301, 4428, 4457, 4465, 4538, 4542, 4559, 4561, 4623, 4630, 4647, 4657, 4685, 4689, 4704, 4755, 4788, 4789, 4829, 4830, 4906, 4949, 4953, 4958, 4974, 5013, 5016, 5018, 5032, 5064, 5082, 5085, 5092, 5094, 5118, 5119, 5130, 5173, 5177, 5188, 5205, 5236, 5258, 5290, 5296, 5321, 5329, 5343, 5347, 5349, 5359, 5400, 5409, 5429, 5434, 5435, 5442, 5443, 5449, 5479, 5522, 5533, 5552, 5556, 5573, 5578, 5591, 5602, 5625, 5629, 5640, 5678, 5679, 5680, 5692, 5698, 5701, 5726, 5728, 5730, 5731, 5734, 5764, 5782, 5798, 5836, 5844, 5852, 5858, 5866, 5872, 5886, 5920, 5944, 5959
DNA, Partition_20 = 37, 41, 46, 76, 102, 113, 129, 131, 143, 169, 193, 199, 209, 233, 244, 262, 268, 285, 286, 304, 315, 333, 338, 346, 358, 383, 420, 423, 429, 431, 456, 471, 497, 499, 520, 521, 525, 540, 542, 547, 557, 562, 566, 586, 596, 602, 621, 631, 640, 691, 705, 719, 757, 761, 786, 799, 800, 806, 812, 818, 819, 821, 822, 823, 827, 840, 846, 860, 873, 879, 886, 908, 911, 913, 936, 953, 972, 1016, 1081, 1136, 1139, 1149, 1154, 1186, 1195, 1208, 1210, 1285, 1300, 1315, 1328, 1351, 1362, 1374, 1384, 1459, 1473, 1475, 1487, 1511, 1567, 1599, 1627, 1652, 1669, 1718, 1719, 1721, 1737, 1743, 1755, 1760, 1798, 1812, 1888, 1930, 1937, 1938, 1984, 1989, 1997, 1999, 2025, 2036, 2066, 2071, 2076, 2079, 2090, 2101, 2118, 2127, 2163, 2178, 2186, 2203, 2208, 2221, 2235, 2243, 2260, 2269, 2308, 2332, 2333, 2338, 2349, 2351, 2353, 2365, 2378, 2380, 2392, 2426, 2430, 2468, 2475, 2492, 2513, 2515, 2524, 2526, 2531, 2548, 2553, 2581, 2585, 2591, 2625, 2646, 2680, 2714, 2737, 2773, 2846, 2858, 2887, 2896, 2925, 2927, 2935, 2947, 2962, 2981, 2995, 3011, 3018, 3026, 3041, 3051, 3054, 3070, 3084, 3097, 3133, 3151, 3153, 3159, 3160, 3169, 3175, 3180, 3185, 3199, 3205, 3216, 3230, 3243, 3247, 3268, 3269, 3271, 3280, 3323, 3351, 3391, 3392, 3395, 3408, 3410, 3434, 3443, 3462, 3467, 3494, 3510, 3548, 3549, 3583, 3586, 3606, 3640, 3659, 3660, 3664, 3665, 3690, 3694, 3706, 3711, 3740, 3747, 3777, 3796, 3801, 3850, 3862, 3873, 3878, 3901, 3912, 3918, 3923, 3929, 3944, 3946, 3962, 3973, 3974, 3980, 3983, 3985, 4057, 4062, 4077, 4097, 4135, 4188, 4198, 4229, 4233, 4237, 4244, 4264, 4276, 4292, 4331, 4344, 4362, 4363, 4365, 4367, 4386, 4392, 4419, 4435, 4447, 4475, 4492, 4518, 4528, 4554, 4556, 4564, 4608, 4620, 4661, 4671, 4700, 4721, 4723, 4724, 4726, 4776, 4799, 4809, 4838, 4916, 4983, 5014, 5021, 5069, 5076, 5077, 5096, 5103, 5115, 5154, 5155, 5164, 5166, 5181, 5191, 5216, 5235, 5245, 5246, 5264, 5316, 5323, 5325, 5335, 5340, 5356, 5386, 5387, 5405, 5413, 5416, 5430, 5447, 5542, 5569, 5584, 5593, 5606, 5607, 5621, 5630, 5632, 5634, 5656, 5667, 5690, 5697, 5699, 5702, 5704, 5708, 5713, 5714, 5722, 5727, 5757, 5791, 5821, 5841, 5842, 5849, 5856, 5861, 5862, 5867, 5871, 5877, 5901, 5909, 5913, 5915, 5942, 5966
DNA, Partition_21 = 13, 53, 95, 101, 150, 184, 197, 210, 220, 234, 276, 288, 289, 300, 310, 324, 339, 348, 378, 397, 405, 470, 475, 501, 503, 509, 539, 543, 559, 560, 576, 590, 609, 614, 632, 664, 671, 704, 707, 713, 737, 742, 756, 783, 789, 790, 835, 842, 843, 896, 901, 918, 950, 965, 974, 984, 993, 1043, 1050, 1071, 1077, 1182, 1196, 1199, 1201, 1225, 1246, 1291, 1313, 1318, 1325, 1329, 1373, 1450, 1453, 1460, 1477, 1481, 1504, 1526, 1531, 1547, 1620, 1626, 1649, 1678, 1689, 1750, 1785, 1790, 1952, 2009, 2015, 2016, 2019, 2023, 2024, 2045, 2134, 2146, 2162, 2166, 2206, 2223, 2231, 2238, 2266, 2279, 2328, 2345, 2356, 2395, 2440, 2454, 2483, 2497, 2527, 2549, 2580, 2620, 2650, 2682, 2689, 2694, 2696, 2734, 2760, 2779, 2802, 2845, 2875, 2905, 2912, 2989, 2998, 3001, 3044, 3050, 3065, 3105, 3129, 3155, 3172, 3195, 3233, 3250, 3270, 3276, 3294, 3302, 3313, 3330, 3359, 3376, 3394, 3405, 3406, 3432, 3466, 3469, 3470, 3496, 3523, 3530, 3535, 3538, 3584, 3596, 3712, 3728, 3730, 3732, 3755, 3771, 3789, 3827, 3833, 3836, 3837, 3885, 3900, 3931, 3955, 3982, 3996, 4005, 4010, 4029, 4079, 4121, 4158, 4197, 4210, 4221, 4259, 4295, 4310, 4311, 4329, 4330, 4336, 4357, 4360, 4384, 4417, 4448, 4460, 4495, 4513, 4536, 4560, 4614, 4618, 4641, 4673, 4705, 4714, 4740, 4756, 4769, 4775, 4778, 4796, 4807, 4820, 4835, 4878, 4882, 4883, 4890, 4894, 4909, 4920, 4942, 4948, 4965, 5025, 5027, 5061, 5067, 5086, 5114, 5116, 5117, 5132, 5186, 5237, 5304, 5332, 5341, 5344, 5366, 5382, 5396, 5408, 5433, 5436, 5440, 5450, 5462, 5482, 5488, 5520, 5536, 5538, 5547, 5550, 5570, 5599, 5611, 5646, 5663, 5670, 5672, 5677, 5688, 5693, 5716, 5751, 5765, 5768, 5776, 5831, 5843, 5869, 5883, 5889, 5894, 5946, 5947, 5958, 5960, 5974, 5976, 5985, 5993, 5995, 5999
DNA, Partition_22 = 10, 11, 20, 31, 111, 112, 152, 164, 172, 196, 207, 225, 303, 305, 317, 322, 357, 365, 379, 384, 393, 438, 459, 500, 516, 533, 573, 655, 677, 683, 690, 694, 697, 698, 720, 727, 750, 811, 832, 850, 857, 906, 932, 937, 962, 980, 990, 1145, 1206, 1207, 1231, 1268, 1288, 1321, 1348, 1401, 1432, 1437, 1451, 1486, 1510, 1552, 1570, 1580, 1585, 1759, 1791, 1826, 1835, 1837, 1860, 1861, 1864, 1947, 2002, 2050, 2072, 2113, 2130, 2218, 2268, 2281, 2317, 2383, 2459, 2465, 2541, 2551, 2554, 2698, 2728, 2735, 2833, 2873, 2903, 2928, 2954, 3007, 3017, 3021, 3027, 3032, 3062, 3090, 3093, 3118, 3121, 3130, 3134, 3136, 3152, 3184, 3186, 3235, 3239, 3240, 3245, 3261, 3272, 3285, 3286, 3310, 3318, 3327, 3370, 3411, 3412, 3440, 3441, 3449, 3461, 3465, 3520, 3551, 3560, 3566, 3578, 3588, 3624, 3630, 3656, 3677, 3685, 3743, 3770, 3820, 3821, 3824, 3831, 3853, 3860, 3861, 3864, 3876, 3891, 3893, 3895, 3911, 3913, 3939, 3940, 3979, 4033, 4036, 4045, 4102, 4139, 4146, 4149, 4156, 4168, 4173, 4204, 4205, 4216, 4241, 4277, 4281, 4328, 4340, 4349, 4373, 4393, 4413, 4436, 4441, 4443, 4462, 4484, 4491, 4496, 4498, 4511, 4540, 4545, 4558, 4597, 4602, 4603, 4617, 4669, 4677, 4687, 4697, 4739, 4745, 4852, 4866, 4871, 4893, 4932, 4933, 4952, 4954, 4963, 4996, 5000, 5003, 5011, 5040, 5057, 5072, 5080, 5084, 5090, 5106, 5126, 5127, 5157, 5169, 5189, 5199, 5201, 5203, 5229, 5240, 5247, 5295, 5324, 5348, 5350, 5360, 5363, 5380, 5403, 5407, 5423, 5432, 5451, 5455, 5466, 5467, 5473, 5491, 5506, 5509, 5561, 5564, 5572, 5585, 5618, 5622, 5633, 5654, 5659, 5662, 5675, 5683, 5705, 5732, 5733, 5739, 5748, 5762, 5766, 5778, 5789, 5796, 5799, 5810, 5814, 5820, 5827, 5834, 5853, 5859, 5874, 5887, 5895, 5936, 5945, 5982, 5998
DNA, Partition_23 = 32, 104, 141, 142, 168, 175, 180, 213, 263, 280, 327, 341, 371, 386, 399, 401, 437, 444, 544, 554, 585, 627, 685, 717, 773, 784, 794, 853, 897, 943, 996, 1704, 1726, 1890, 2000, 2041, 2054, 2096, 2117, 2168, 2175, 2211, 2217, 2233, 2410, 2519, 2523, 2566, 2642, 2902, 3002, 3029, 3030, 3038, 3110, 3117, 3119, 3123, 3135, 3137, 3139, 3182, 3234, 3303, 3317, 3331, 3339, 3344, 3345, 3371, 3372, 3387, 3404, 3419, 3420, 3422, 3423, 3437, 3442, 3485, 3503, 3557, 3558, 3567, 3580, 3585, 3595, 3598, 3599, 3609, 3635, 3641, 3658, 3668, 3675, 3679, 3702, 3718, 3731, 3736, 3753, 3786, 3805, 3809, 3810, 3816, 3832, 3834, 3838, 3843, 3847, 3857, 3896, 3905, 3930, 3941, 3947, 3952, 3965, 4015, 4031, 4072, 4078, 4084, 4092, 4108, 4110, 4126, 4138, 4142, 4157, 4161, 4182, 4254, 4304, 4309, 4318, 4338, 4356, 4376, 4385, 4387, 4396, 4409, 4472, 4481, 4504, 4522, 4547, 4553, 4568, 4572, 4638, 4670, 4676, 4681, 4693, 4694, 4737, 4746, 4784, 4792, 4798, 4806, 4811, 4812, 4850, 4851, 4868, 4922, 4928, 4940, 4950, 5039, 5043, 5050, 5058, 5099, 5124, 5136, 5143, 5163, 5167, 5180, 5183, 5195, 5198, 5221, 5230, 5232, 5250, 5280, 5319, 5327, 5336, 5353, 5355, 5404, 5410, 5417, 5452, 5460, 5480, 5484, 5486, 5487, 5495, 5609, 5636, 5691, 5719, 5724, 5759, 5769, 5770, 5811, 5863, 5873, 5875, 5890, 5907, 5919, 5923, 5929, 5935, 5938, 5954, 5970
DNA, Partition_24 = 77, 83, 204, 264, 352, 353, 439, 449, 462, 512, 528, 546, 551, 592, 595, 642, 695, 736, 865, 892, 1021, 1084, 1092, 1107, 1122, 1128, 1147, 1331, 1350, 1393, 1427, 1430, 1576, 1664, 1691, 1779, 1828, 1912, 1965, 1975, 2029, 2125, 2179, 2226, 2248, 2500, 2675, 2768, 2782, 2798, 2827, 2855, 2865, 3040, 3066, 3068, 3074, 3075, 3088, 3089, 3115, 3125, 3127, 3171, 3176, 3179, 3188, 3193, 3213, 3214, 3217, 3218, 3223, 3224, 3228, 3246, 3251, 3260, 3287, 3290, 3305, 3307, 3334, 3366, 3373, 3388, 3397, 3475, 3521, 3532, 3620, 3625, 3682, 3689, 3700, 3725, 3727, 3746, 3764, 3779, 3792, 3807, 3845, 3879, 3880, 3903, 3916, 3919, 3926, 3938, 3949, 3960, 3961, 3972, 3978, 3988, 3991, 3993, 4041, 4065, 4066, 4068, 4082, 4118, 4120, 4131, 4136, 4143, 4163, 4167, 4174, 4187, 4217, 4253, 4266, 4268, 4269, 4302, 4317, 4319, 4339, 4380, 4381, 4394, 4449, 4454, 4466, 4476, 4499, 4501, 4514, 4519, 4531, 4593, 4629, 4635, 4643, 4645, 4690, 4706, 4729, 4735, 4791, 4813, 4817, 4827, 4849, 4855, 4863, 4884, 4934, 4945, 4988, 4995, 4997, 5001, 5024, 5054, 5060, 5087, 5097, 5120, 5147, 5156, 5162, 5178, 5193, 5211, 5241, 5242, 5249, 5266, 5286, 5311, 5334, 5337, 5354, 5371, 5372, 5374, 5376, 5384, 5411, 5420, 5425, 5456, 5458, 5461, 5463, 5481, 5493, 5514, 5551, 5588, 5592, 5595, 5605, 5613, 5673, 5687, 5703, 5754, 5775, 5780, 5792, 5795, 5801, 5802, 5807, 5816, 5839, 5876, 5888, 5900, 5950, 5952, 5957, 5980, 5984
DNA, Partition_25 = 21, 61, 115, 270, 309, 407, 415, 651, 662, 920, 925, 971, 1000, 1900, 2044, 2452, 2504, 2593, 2660, 2681, 2774, 2786, 2836, 2837, 2988, 3052, 3081, 3101, 3107, 3145, 3157, 3181, 3196, 3225, 3244, 3254, 3278, 3282, 3288, 3320, 3325, 3328, 3337, 3357, 3358, 3375, 3409, 3463, 3477, 3506, 3534, 3537, 3540, 3547, 3616, 3662, 3667, 3750, 3823, 3826, 3852, 3869, 3886, 3889, 3902, 3906, 3909, 3959, 3970, 3994, 4008, 4039, 4040, 4042, 4054, 4075, 4093, 4096, 4103, 4116, 4123, 4151, 4193, 4213, 4239, 4249, 4291, 4294, 4297, 4321, 4324, 4335, 4347, 4421, 4451, 4455, 4471, 4477, 4497, 4509, 4541, 4563, 4566, 4578, 4599, 4609, 4656, 4708, 4717, 4749, 4763, 4771, 4825, 4910, 4912, 4959, 4991, 5028, 5029, 5042, 5055, 5065, 5070, 5151, 5176, 5184, 5217, 5233, 5251, 5259, 5275, 5279, 5284, 5328, 5362, 5373, 5401, 5431, 5459, 5483, 5492, 5502, 5525, 5531, 5545, 5546, 5563, 5571, 5615, 5669, 5686, 5706, 5723, 5736, 5740, 5755, 5756, 5774, 5797, 5824, 5829, 5832, 5865, 5870, 5940, 5949, 5965, 5971, 5977, 5978
DNA, Partition_26 = 281, 421, 572, 669, 673, 769, 831, 954, 978, 1859, 1883, 2037, 2060, 2159, 2922, 2924, 3039, 3091, 3099, 3114, 3191, 3208, 3219, 3297, 3299, 3380, 3386, 3433, 3486, 3492, 3502, 3524, 3528, 3552, 3553, 3573, 3627, 3636, 3644, 3645, 3651, 3678, 3705, 3723, 3742, 3744, 3751, 3759, 3781, 3817, 3822, 3829, 3858, 4002, 4070, 4190, 4212, 4226, 4314, 4351, 4389, 4391, 4406, 4420, 4429, 4450, 4529, 4539, 4548, 4615, 4736, 4750, 4857, 4927, 4930, 4944, 4982, 5012, 5023, 5045, 5066, 5071, 5093, 5101, 5109, 5129, 5138, 5139, 5152, 5161, 5208, 5234, 5265, 5274, 5276, 5285, 5393, 5398, 5422, 5504, 5510, 5513, 5541, 5553, 5558, 5559, 5582, 5594, 5643, 5653, 5658, 5709, 5790, 5803, 5808, 5817, 5826, 5878, 5905, 5908, 5926, 5992
DNA, Partition_27 = 89, 202, 388, 446, 458, 581, 716, 914, 1018, 1696, 2053, 2092, 2282, 2368, 2518, 2586, 2795, 2869, 3015, 3036, 3046, 3048, 3071, 3096, 3116, 3156, 3221, 3298, 3304, 3315, 3340, 3368, 3385, 3452, 3456, 3489, 3604, 3608, 3612, 3661, 3663, 3686, 3691, 3696, 3717, 3737, 3776, 3812, 3830, 3859, 3863, 3924, 3950, 4000, 4026, 4056, 4150, 4154, 4245, 4258, 4298, 4333, 4341, 4383, 4407, 4416, 4458, 4469, 4474, 4480, 4523, 4546, 4567, 4613, 4631, 4660, 4695, 4703, 4713, 4744, 4761, 4801, 4810, 4814, 4843, 4885, 4887, 4897, 4901, 4946, 4962, 4986, 4989, 5007, 5033, 5034, 5051, 5108, 5123, 5128, 5150, 5260, 5315, 5379, 5395, 5415, 5476, 5516, 5519, 5521, 5544, 5565, 5566, 5567, 5694, 5721, 5761, 5837, 5840, 5848, 5851, 5911, 5934, 5987, 5988
DNA, Partition_28 = 24, 52, 98, 155, 188, 190, 408, 467, 513, 565, 587, 594, 730, 768, 917, 998, 1290, 2039, 2149, 2363, 2567, 2634, 2697, 2725, 2915, 2994, 3003, 3005, 3016, 3043, 3045, 3061, 3063, 3067, 3080, 3085, 3087, 3092, 3112, 3122, 3128, 3131, 3140, 3144, 3147, 3149, 3154, 3164, 3170, 3174, 3178, 3189, 3192, 3194, 3200, 3201, 3206, 3207, 3212, 3231, 3232, 3248, 3281, 3291, 3300, 3312, 3314, 3319, 3321, 3324, 3341, 3348, 3352, 3362, 3365, 3369, 3379, 3383, 3384, 3393, 3398, 3401, 3413, 3427, 3428, 3435, 3450, 3453, 3454, 3457, 3459, 3460, 3474, 3481, 3487, 3488, 3499, 3508, 3511, 3516, 3519, 3526, 3531, 3536, 3539, 3541, 3546, 3568, 3569, 3570, 3574, 3575, 3576, 3579, 3601, 3605, 3617, 3621, 3622, 3626, 3628, 3637, 3649, 3652, 3657, 3669, 3674, 3704, 3715, 3721, 3726, 3749, 3752, 3754, 3763, 3765, 3778, 3785, 3790, 3791, 3798, 3802, 3813, 3835, 3839, 3844, 3865, 3871, 3875, 3883, 3888, 3890, 3915, 3925, 3928, 3935, 3937, 3954, 3957, 3968, 3969, 3975, 3981, 3984, 3989, 3999, 4004, 4006, 4007, 4012, 4013, 4018, 4027, 4032, 4037, 4038, 4043, 4044, 4049, 4052, 4053, 4058, 4059, 4060, 4069, 4071, 4073, 4074, 4081, 4085, 4086, 4087, 4088, 4090, 4094, 4095, 4099, 4100, 4101, 4105, 4106, 4107, 4109, 4114, 4115, 4122, 4124, 4134, 4137, 4141, 4144, 4147, 4155, 4166, 4169, 4175, 4184, 4185, 4186, 4189, 4192, 4195, 4202, 4206, 4207, 4209, 4211, 4220, 4223, 4225, 4228, 4230, 4235, 4240, 4246, 4250, 4252, 4257, 4267, 4273, 4274, 4275, 4279, 4280, 4285, 4286, 4287, 4293, 4296, 4300, 4305, 4306, 4312, 4313, 4322, 4323, 4325, 4334, 4342, 4346, 4352, 4354, 4359, 4366, 4369, 4370, 4371, 4372, 4374, 4377, 4382, 4390, 4395, 4397, 4400, 4401, 4405, 4412, 4415, 4418, 4427, 4430, 4431, 4434, 4439, 4440, 4445, 4446, 4459, 4461, 4463, 4464, 4467, 4468, 4473, 4483, 4487, 4488, 4489, 4490, 4493, 4500, 4502, 4503, 4506, 4507, 4508, 4510, 4512, 4520, 4521, 4526, 4527, 4530, 4534, 4544, 4549, 4550, 4569, 4571, 4574, 4575, 4579, 4580, 4585, 4587, 4588, 4589, 4592, 4594, 4598, 4600, 4601, 4605, 4606, 4607, 4611, 4616, 4621, 4622, 4625, 4633, 4640, 4642, 4644, 4648, 4649, 4650, 4651, 4655, 4663, 4666, 4675, 4679, 4680, 4682, 4684, 4688, 4692, 4696, 4698, 4701, 4710, 4712, 4722, 4727, 4730, 4733, 4741, 4742, 4747, 4748, 4751, 4752, 4759, 4762, 4764, 4765, 4767, 4770, 4773, 4774, 4779, 4780, 4781, 4785, 4793, 4795, 4797, 4800, 4803, 4804, 4808, 4815, 4818, 4821, 4822, 4823, 4824, 4828, 4831, 4834, 4836, 4837, 4840, 4844, 4847, 4853, 4856, 4860, 4864, 4865, 4867, 4870, 4875, 4876, 4880, 4881, 4888, 4889, 4891, 4892, 4895, 4896, 4898, 4899, 4900, 4902, 4903, 4904, 4913, 4914, 4918, 4923, 4926, 4929, 4935, 4936, 4947, 4951, 4956, 4957, 4967, 4971, 4972, 4976, 4978, 4981, 4992, 4993, 5005, 5015, 5022, 5035, 5036, 5044, 5047, 5053, 5056, 5073, 5078, 5089, 5091, 5095, 5098, 5105, 5107, 5131, 5145, 5146, 5148, 5171, 5179, 5182, 5194, 5197, 5209, 5210, 5215, 5224, 5227, 5231, 5239, 5252, 5255, 5257, 5263, 5267, 5268, 5270, 5271, 5291, 5301, 5307, 5308, 5331, 5338, 5364, 5370, 5377, 5390, 5392, 5406, 5418, 5419, 5424, 5427, 5445, 5446, 5453, 5454, 5457, 5472, 5474, 5475, 5489, 5494, 5501, 5507, 5524, 5526, 5528, 5530, 5543, 5549, 5554, 5581, 5583, 5600, 5603, 5610, 5616, 5627, 5647, 5649, 5652, 5661, 5666, 5668, 5671, 5676, 5684, 5689, 5711, 5715, 5720, 5737, 5741, 5742, 5744, 5750, 5760, 5771, 5772, 5785, 5823, 5825, 5828, 5857, 5860, 5879, 5880, 5881, 5893, 5897, 5899, 5906, 5912, 5917, 5921, 5922, 5925, 5932, 5948, 5955, 5964, 5967, 5972, 5981, 5989, 5994, 5996