Partition output from ratepartitions.py
--Written by Tobias Malm (20121130)

For rate file: Nguyen_2016d.rates with 704 sites!

Manually set dividing factor: 4.0
Partitions calculated according to:
	1st partition: highest rate - ((highest rate - minimum_rate)/(4.0)),
	the remaining as lower boundary rate= upper boundary rate -((upper boundary rate - minimum rate)/(4.0+Partitionnumber*0.3)).
	Last partition created when less than 10% of total characters are left (=70.4 characters).

Rate spread of entire data set (Highest (slowest, 1=invariant) to lowest (fastest) ): Highest: 1.0, lowest: 0.40880777739, spread: 0.59119222261
Partition_1(331 sites):	Rate-span: 1.0-0.852202

Partition_2(0 sites):	Rate-span: 0.852202-0.755812

Partition_3(65 sites):	Rate-span: 0.755812-0.684995

Partition_4(62 sites):	Rate-span: 0.684995-0.631882

Partition_5(39 sites):	Rate-span: 0.631882-0.591323

Partition_6(7 sites):	Rate-span: 0.591323-0.559855

Partition_7(23 sites):	Rate-span: 0.559855-0.535093

Partition_8(27 sites):	Rate-span: 0.535093-0.515361

Partition_9(20 sites):	Rate-span: 0.515361-0.499457

Partition_10(15 sites):	Rate-span: 0.499457-0.486508

Partition_11(20 sites):	Rate-span: 0.486508-0.475864

Partition_12(15 sites):	Rate-span: 0.475864-0.467041

Partition_13(23 sites):	Rate-span: 0.467041-0.459669

Partition_14(57 sites):	Rate-span: 0.459669-0.408808



MrBayes style
begin mrbayes;
Charset Partition_1 = 101 106 108 110 112 113 114 115 116 117 118 119 120 123 124 125 126 127 128 129 131 132 134 143 144 151 155 157 159 163 164 166 168 170 171 172 173 174 175 176 177 180 182 185 186 187 191 193 196 197 198 199 202 203 204 205 206 207 209 210 211 212 213 214 215 216 217 218 219 220 222 223 224 225 226 227 228 230 231 232 233 234 235 236 237 238 239 240 241 243 246 250 251 252 253 254 256 257 258 259 262 264 265 266 267 269 271 272 273 274 275 276 277 278 279 282 283 284 285 286 287 288 289 292 293 295 298 299 300 301 313 317 319 320 322 323 325 327 329 330 331 332 334 335 336 338 341 343 344 345 346 347 349 351 353 354 355 356 357 359 360 364 366 368 370 371 374 376 377 378 381 382 383 384 385 388 389 396 399 400 401 402 403 405 407 409 410 411 412 415 416 418 419 420 424 426 427 428 429 430 431 432 433 434 435 436 438 440 462 463 464 465 467 470 471 473 474 476 477 478 479 480 481 482 484 485 486 488 489 490 492 493 495 496 497 498 499 500 502 504 505 506 507 510 512 513 514 516 517 519 521 523 524 525 527 528 529 530 531 532 533 534 535 538 539 540 541 542 543 545 548 549 550 552 553 554 555 556 558 559 560 561 563 564 565 566 567 568 569 570 571 573 574 575 576 578 582 584 585 588 591 592 594 596 599 600 601 604 607 608 609 611 614 620 649 650 658 660 662 663 664 666 667 669 670 671 672 673 674 677 678;
Charset Partition_3 = 90 91 93 94 95 96 97 99 100 103 107 130 133 138 140 158 160 161 178 183 195 201 208 229 249 255 260 268 270 280 303 304 305 306 307 308 309 310 311 316 326 340 342 361 390 404 423 437 441 468 469 483 487 491 501 526 536 544 546 547 577 581 648 659 700;
Charset Partition_4 = 109 111 121 136 142 150 153 156 184 190 242 245 248 261 263 321 324 337 386 391 398 406 442 444 446 448 450 452 453 454 455 456 457 458 459 460 461 466 494 503 508 509 557 597 602 606 616 618 623 624 626 633 638 641 642 644 645 651 655 665 668 675;
Charset Partition_5 = 1 2 10 59 61 63 64 65 66 67 68 69 70 71 73 74 75 76 77 78 79 81 85 86 87 88 162 179 200 328 373 394 395 451 518 551 572 579 583;
Charset Partition_6 = 5 152 358 362 367 422 635;
Charset Partition_7 = 4 51 53 55 56 80 84 141 145 221 365 421 445 447 537 593 595 615 619 640 661 676 682;
Charset Partition_8 = 34 60 135 139 146 148 167 281 363 397 408 413 414 443 449 472 522 562 613 617 621 625 629 639 701 703 704;
Charset Partition_9 = 11 12 13 21 28 58 62 105 137 149 188 290 291 296 315 348 603 628 656 681;
Charset Partition_10 = 57 92 247 294 302 312 375 380 393 417 631 654 657 683 684;
Charset Partition_11 = 31 33 45 46 72 82 104 154 318 350 352 387 425 439 586 612 627 647 653 679;
Charset Partition_12 = 6 8 25 27 29 40 50 83 165 333 580 589 630 634 687;
Charset Partition_13 = 9 14 22 24 26 30 32 36 37 38 43 44 47 48 49 147 244 297 369 515 520 680 699;
Charset Partition_14 = 3 7 15 16 17 18 19 20 23 35 39 41 42 52 54 89 98 102 122 169 181 189 192 194 314 339 372 379 392 475 511 587 590 598 605 610 622 632 636 637 643 646 652 685 686 688 689 690 691 692 693 694 695 696 697 698 702;
partition Partitions = 14: Partition_1, Partition_2, Partition_3, Partition_4, Partition_5, Partition_6, Partition_7, Partition_8, Partition_9, Partition_10, Partition_11, Partition_12, Partition_13, Partition_14;
set partition = Partitions;


PHYLIP  style
DNA, Partition_1 = 101, 106, 108, 110, 112, 113, 114, 115, 116, 117, 118, 119, 120, 123, 124, 125, 126, 127, 128, 129, 131, 132, 134, 143, 144, 151, 155, 157, 159, 163, 164, 166, 168, 170, 171, 172, 173, 174, 175, 176, 177, 180, 182, 185, 186, 187, 191, 193, 196, 197, 198, 199, 202, 203, 204, 205, 206, 207, 209, 210, 211, 212, 213, 214, 215, 216, 217, 218, 219, 220, 222, 223, 224, 225, 226, 227, 228, 230, 231, 232, 233, 234, 235, 236, 237, 238, 239, 240, 241, 243, 246, 250, 251, 252, 253, 254, 256, 257, 258, 259, 262, 264, 265, 266, 267, 269, 271, 272, 273, 274, 275, 276, 277, 278, 279, 282, 283, 284, 285, 286, 287, 288, 289, 292, 293, 295, 298, 299, 300, 301, 313, 317, 319, 320, 322, 323, 325, 327, 329, 330, 331, 332, 334, 335, 336, 338, 341, 343, 344, 345, 346, 347, 349, 351, 353, 354, 355, 356, 357, 359, 360, 364, 366, 368, 370, 371, 374, 376, 377, 378, 381, 382, 383, 384, 385, 388, 389, 396, 399, 400, 401, 402, 403, 405, 407, 409, 410, 411, 412, 415, 416, 418, 419, 420, 424, 426, 427, 428, 429, 430, 431, 432, 433, 434, 435, 436, 438, 440, 462, 463, 464, 465, 467, 470, 471, 473, 474, 476, 477, 478, 479, 480, 481, 482, 484, 485, 486, 488, 489, 490, 492, 493, 495, 496, 497, 498, 499, 500, 502, 504, 505, 506, 507, 510, 512, 513, 514, 516, 517, 519, 521, 523, 524, 525, 527, 528, 529, 530, 531, 532, 533, 534, 535, 538, 539, 540, 541, 542, 543, 545, 548, 549, 550, 552, 553, 554, 555, 556, 558, 559, 560, 561, 563, 564, 565, 566, 567, 568, 569, 570, 571, 573, 574, 575, 576, 578, 582, 584, 585, 588, 591, 592, 594, 596, 599, 600, 601, 604, 607, 608, 609, 611, 614, 620, 649, 650, 658, 660, 662, 663, 664, 666, 667, 669, 670, 671, 672, 673, 674, 677, 678
DNA, Partition_3 = 90, 91, 93, 94, 95, 96, 97, 99, 100, 103, 107, 130, 133, 138, 140, 158, 160, 161, 178, 183, 195, 201, 208, 229, 249, 255, 260, 268, 270, 280, 303, 304, 305, 306, 307, 308, 309, 310, 311, 316, 326, 340, 342, 361, 390, 404, 423, 437, 441, 468, 469, 483, 487, 491, 501, 526, 536, 544, 546, 547, 577, 581, 648, 659, 700
DNA, Partition_4 = 109, 111, 121, 136, 142, 150, 153, 156, 184, 190, 242, 245, 248, 261, 263, 321, 324, 337, 386, 391, 398, 406, 442, 444, 446, 448, 450, 452, 453, 454, 455, 456, 457, 458, 459, 460, 461, 466, 494, 503, 508, 509, 557, 597, 602, 606, 616, 618, 623, 624, 626, 633, 638, 641, 642, 644, 645, 651, 655, 665, 668, 675
DNA, Partition_5 = 1, 2, 10, 59, 61, 63, 64, 65, 66, 67, 68, 69, 70, 71, 73, 74, 75, 76, 77, 78, 79, 81, 85, 86, 87, 88, 162, 179, 200, 328, 373, 394, 395, 451, 518, 551, 572, 579, 583
DNA, Partition_6 = 5, 152, 358, 362, 367, 422, 635
DNA, Partition_7 = 4, 51, 53, 55, 56, 80, 84, 141, 145, 221, 365, 421, 445, 447, 537, 593, 595, 615, 619, 640, 661, 676, 682
DNA, Partition_8 = 34, 60, 135, 139, 146, 148, 167, 281, 363, 397, 408, 413, 414, 443, 449, 472, 522, 562, 613, 617, 621, 625, 629, 639, 701, 703, 704
DNA, Partition_9 = 11, 12, 13, 21, 28, 58, 62, 105, 137, 149, 188, 290, 291, 296, 315, 348, 603, 628, 656, 681
DNA, Partition_10 = 57, 92, 247, 294, 302, 312, 375, 380, 393, 417, 631, 654, 657, 683, 684
DNA, Partition_11 = 31, 33, 45, 46, 72, 82, 104, 154, 318, 350, 352, 387, 425, 439, 586, 612, 627, 647, 653, 679
DNA, Partition_12 = 6, 8, 25, 27, 29, 40, 50, 83, 165, 333, 580, 589, 630, 634, 687
DNA, Partition_13 = 9, 14, 22, 24, 26, 30, 32, 36, 37, 38, 43, 44, 47, 48, 49, 147, 244, 297, 369, 515, 520, 680, 699
DNA, Partition_14 = 3, 7, 15, 16, 17, 18, 19, 20, 23, 35, 39, 41, 42, 52, 54, 89, 98, 102, 122, 169, 181, 189, 192, 194, 314, 339, 372, 379, 392, 475, 511, 587, 590, 598, 605, 610, 622, 632, 636, 637, 643, 646, 652, 685, 686, 688, 689, 690, 691, 692, 693, 694, 695, 696, 697, 698, 702