Partition output from ratepartitions.py
--Written by Tobias Malm (20121130)

For rate file: Nguyen_2016e.rates with 385 sites!

Manually set dividing factor: 4.0
Partitions calculated according to:
	1st partition: highest rate - ((highest rate - minimum_rate)/(4.0)),
	the remaining as lower boundary rate= upper boundary rate -((upper boundary rate - minimum rate)/(4.0+Partitionnumber*0.3)).
	Last partition created when less than 10% of total characters are left (=38.5 characters).

Rate spread of entire data set (Highest (slowest, 1=invariant) to lowest (fastest) ): Highest: 1.0, lowest: 0.430985564958, spread: 0.569014435042
Partition_1(97 sites):	Rate-span: 1.0-0.857746

Partition_2(59 sites):	Rate-span: 0.857746-0.764972

Partition_3(0 sites):	Rate-span: 0.764972-0.696812

Partition_4(41 sites):	Rate-span: 0.696812-0.645691

Partition_5(4 sites):	Rate-span: 0.645691-0.606654

Partition_6(33 sites):	Rate-span: 0.606654-0.576366

Partition_7(21 sites):	Rate-span: 0.576366-0.552533

Partition_8(15 sites):	Rate-span: 0.552533-0.533542

Partition_9(27 sites):	Rate-span: 0.533542-0.518235

Partition_10(21 sites):	Rate-span: 0.518235-0.505771

Partition_11(19 sites):	Rate-span: 0.505771-0.495526

Partition_12(8 sites):	Rate-span: 0.495526-0.487034

Partition_13(10 sites):	Rate-span: 0.487034-0.479939

Partition_14(30 sites):	Rate-span: 0.479939-0.430986



MrBayes style
begin mrbayes;
Charset Partition_1 = 1 10 15 29 32 33 34 35 36 37 38 39 40 41 44 45 46 47 48 53 54 57 58 59 61 62 63 64 65 66 67 68 69 72 73 76 77 80 81 83 84 85 106 109 110 111 112 114 115 116 117 118 119 120 121 125 126 130 200 204 205 206 209 210 213 216 217 219 222 225 226 227 228 229 232 235 238 242 243 245 249 252 253 254 255 256 258 259 260 262 263 264 266 267 268 278 279;
Charset Partition_2 = 99 100 101 140 141 142 167 182 183 184 186 275 277 280 282 283 284 285 287 290 292 294 296 298 299 300 305 306 307 308 309 310 311 316 317 318 323 331 334 335 340 343 345 346 347 350 354 356 357 358 360 362 363 364 366 367 378 380 382;
Charset Partition_4 = 2 3 4 5 6 7 8 9 11 12 16 19 20 21 22 23 24 25 27 43 52 55 71 86 87 108 159 177 178 179 180 208 211 212 223 237 244 247 265 269 385;
Charset Partition_5 = 152 230 261 281;
Charset Partition_6 = 49 56 60 70 74 78 89 98 107 123 150 151 155 157 161 185 187 188 231 248 251 257 276 286 293 295 332 338 342 344 349 359 370;
Charset Partition_7 = 79 82 94 105 137 160 176 196 197 201 207 221 224 241 250 297 337 351 375 381 383;
Charset Partition_8 = 13 31 136 189 215 218 274 304 319 321 324 336 348 355 384;
Charset Partition_9 = 14 30 75 113 124 129 131 132 148 173 175 193 202 214 220 236 239 240 301 302 315 326 327 352 353 371 376;
Charset Partition_10 = 50 88 96 97 103 104 122 138 143 147 174 190 195 203 273 291 328 339 361 365 377;
Charset Partition_11 = 28 42 93 95 102 139 144 146 154 162 163 168 170 181 233 303 312 330 373;
Charset Partition_12 = 127 134 149 246 272 322 333 341;
Charset Partition_13 = 51 91 165 171 194 314 325 372 374 379;
Charset Partition_14 = 17 18 26 90 92 128 133 135 145 153 156 158 164 166 169 172 191 192 198 199 234 270 271 288 289 313 320 329 368 369;
partition Partitions = 14: Partition_1, Partition_2, Partition_3, Partition_4, Partition_5, Partition_6, Partition_7, Partition_8, Partition_9, Partition_10, Partition_11, Partition_12, Partition_13, Partition_14;
set partition = Partitions;


PHYLIP  style
DNA, Partition_1 = 1, 10, 15, 29, 32, 33, 34, 35, 36, 37, 38, 39, 40, 41, 44, 45, 46, 47, 48, 53, 54, 57, 58, 59, 61, 62, 63, 64, 65, 66, 67, 68, 69, 72, 73, 76, 77, 80, 81, 83, 84, 85, 106, 109, 110, 111, 112, 114, 115, 116, 117, 118, 119, 120, 121, 125, 126, 130, 200, 204, 205, 206, 209, 210, 213, 216, 217, 219, 222, 225, 226, 227, 228, 229, 232, 235, 238, 242, 243, 245, 249, 252, 253, 254, 255, 256, 258, 259, 260, 262, 263, 264, 266, 267, 268, 278, 279
DNA, Partition_2 = 99, 100, 101, 140, 141, 142, 167, 182, 183, 184, 186, 275, 277, 280, 282, 283, 284, 285, 287, 290, 292, 294, 296, 298, 299, 300, 305, 306, 307, 308, 309, 310, 311, 316, 317, 318, 323, 331, 334, 335, 340, 343, 345, 346, 347, 350, 354, 356, 357, 358, 360, 362, 363, 364, 366, 367, 378, 380, 382
DNA, Partition_4 = 2, 3, 4, 5, 6, 7, 8, 9, 11, 12, 16, 19, 20, 21, 22, 23, 24, 25, 27, 43, 52, 55, 71, 86, 87, 108, 159, 177, 178, 179, 180, 208, 211, 212, 223, 237, 244, 247, 265, 269, 385
DNA, Partition_5 = 152, 230, 261, 281
DNA, Partition_6 = 49, 56, 60, 70, 74, 78, 89, 98, 107, 123, 150, 151, 155, 157, 161, 185, 187, 188, 231, 248, 251, 257, 276, 286, 293, 295, 332, 338, 342, 344, 349, 359, 370
DNA, Partition_7 = 79, 82, 94, 105, 137, 160, 176, 196, 197, 201, 207, 221, 224, 241, 250, 297, 337, 351, 375, 381, 383
DNA, Partition_8 = 13, 31, 136, 189, 215, 218, 274, 304, 319, 321, 324, 336, 348, 355, 384
DNA, Partition_9 = 14, 30, 75, 113, 124, 129, 131, 132, 148, 173, 175, 193, 202, 214, 220, 236, 239, 240, 301, 302, 315, 326, 327, 352, 353, 371, 376
DNA, Partition_10 = 50, 88, 96, 97, 103, 104, 122, 138, 143, 147, 174, 190, 195, 203, 273, 291, 328, 339, 361, 365, 377
DNA, Partition_11 = 28, 42, 93, 95, 102, 139, 144, 146, 154, 162, 163, 168, 170, 181, 233, 303, 312, 330, 373
DNA, Partition_12 = 127, 134, 149, 246, 272, 322, 333, 341
DNA, Partition_13 = 51, 91, 165, 171, 194, 314, 325, 372, 374, 379
DNA, Partition_14 = 17, 18, 26, 90, 92, 128, 133, 135, 145, 153, 156, 158, 164, 166, 169, 172, 191, 192, 198, 199, 234, 270, 271, 288, 289, 313, 320, 329, 368, 369