Partition output from ratepartitions.py
--Written by Tobias Malm (20121130)

For rate file: Pieridae.rates with 6247 sites!

Manually set dividing factor: 4.0
Partitions calculated according to:
	1st partition: highest rate - ((highest rate - minimum_rate)/(4.0)),
	the remaining as lower boundary rate= upper boundary rate -((upper boundary rate - minimum rate)/(4.0+Partitionnumber*0.3)).
	Last partition created when less than 10% of total characters are left (=624.7 characters).

Rate spread of entire data set (Highest (slowest, 1=invariant) to lowest (fastest) ): Highest: 0.58328568379, lowest: 0.100268934023, spread: 0.483016749767
Partition_1(229 sites):	Rate-span: 0.583286-0.462531

Partition_2(8 sites):	Rate-span: 0.462531-0.383779

Partition_3(21 sites):	Rate-span: 0.383779-0.32592

Partition_4(9 sites):	Rate-span: 0.32592-0.282525

Partition_5(165 sites):	Rate-span: 0.282525-0.249388

Partition_6(26 sites):	Rate-span: 0.249388-0.223678

Partition_7(234 sites):	Rate-span: 0.223678-0.203447

Partition_8(41 sites):	Rate-span: 0.203447-0.187325

Partition_9(35 sites):	Rate-span: 0.187325-0.174332

Partition_10(216 sites):	Rate-span: 0.174332-0.163751

Partition_11(403 sites):	Rate-span: 0.163751-0.155055

Partition_12(523 sites):	Rate-span: 0.155055-0.147846

Partition_13(514 sites):	Rate-span: 0.147846-0.141824

Partition_14(495 sites):	Rate-span: 0.141824-0.136756

Partition_15(426 sites):	Rate-span: 0.136756-0.132464

Partition_16(282 sites):	Rate-span: 0.132464-0.128805

Partition_17(378 sites):	Rate-span: 0.128805-0.125669

Partition_18(155 sites):	Rate-span: 0.125669-0.122967

Partition_19(275 sites):	Rate-span: 0.122967-0.120627

Partition_20(209 sites):	Rate-span: 0.120627-0.118591

Partition_21(229 sites):	Rate-span: 0.118591-0.116812

Partition_22(121 sites):	Rate-span: 0.116812-0.115252

Partition_23(84 sites):	Rate-span: 0.115252-0.113877

Partition_24(177 sites):	Rate-span: 0.113877-0.112662

Partition_25(69 sites):	Rate-span: 0.112662-0.111584

Partition_26(107 sites):	Rate-span: 0.111584-0.110626

Partition_27(108 sites):	Rate-span: 0.110626-0.10977

Partition_28(81 sites):	Rate-span: 0.10977-0.109003

Partition_29(82 sites):	Rate-span: 0.109003-0.108316

Partition_30(545 sites):	Rate-span: 0.108316-0.100269



MrBayes style
begin mrbayes;
Charset Partition_1 = 2403 2404 2406 2407 2409 2413 2415 2416 2417 2418 2419 2421 2422 2425 2427 2428 2436 2437 2438 2439 2440 2442 2443 2445 2446 2448 2449 2451 2452 2454 2455 2457 2458 2460 2461 2463 2464 2466 2467 2469 2470 2472 2473 2474 2475 2476 2478 2479 2482 2484 2485 2486 2487 2488 2489 2490 2491 2493 2494 2496 2497 2499 2500 2502 2503 2505 2506 2508 2509 2511 2512 2514 2515 2517 2518 2520 2521 2524 2526 2527 2529 2530 2532 2533 2535 2536 2538 2539 2540 2541 2542 2544 2545 2547 2548 2550 2551 2553 2554 2556 2557 2559 2560 2562 2563 2565 2566 2568 2569 2571 2572 2574 2575 2577 2578 2580 2581 2583 2584 2586 2587 2589 2590 2592 2593 2596 2599 2601 2602 2604 2605 2607 2608 2611 2613 2614 2616 2617 2619 2620 2622 2623 2626 2628 2629 2631 2632 2634 2635 2637 2638 2640 2641 2642 2643 2644 2646 2647 2648 2649 2650 2652 2653 2655 2656 2658 2659 2661 2662 2665 2667 2669 2670 2673 2674 2679 2680 2682 2683 2685 2686 2688 2689 2690 2691 2692 2694 2695 2697 2698 2700 2701 2702 2703 2704 2707 2709 2710 2712 2713 2715 2716 2718 2719 2721 2722 2724 2725 2727 2730 2731 2733 2734 2736 2737 2745 2746 2749 2751 2752 2754 2755 2757 2758 2760 2761 2762 2763 2764;
Charset Partition_2 = 2400 2561 2570 2595 2598 2610 2714 2748;
Charset Partition_3 = 2410 2424 2433 2481 2668 2706 2728 2765 2962 2964 2965 2967 2970 2971 2973 2974 2976 2977 2980 2982 2983;
Charset Partition_4 = 2401 2477 2606 2677 2739 2740 2742 2743 2759;
Charset Partition_5 = 1138 1146 1147 1149 1156 1158 1160 1161 1164 1165 1167 1170 1171 1173 1174 1176 1177 1179 1180 1181 1182 1183 1186 1188 1189 1191 1192 1194 1195 1198 1200 1210 1213 1215 1216 1219 1221 1222 1225 1227 1228 1230 1233 1234 1237 1240 1242 1243 1245 1246 1248 1249 1252 1254 1255 1260 1261 1263 1264 1266 1267 1270 1272 1273 1275 1276 1279 1281 1282 1284 1285 1287 1288 1290 1291 1293 1294 1296 1297 1300 1302 1303 1305 1306 1308 1309 1311 1312 1314 1315 1317 1318 1321 1323 1330 1338 1339 1341 1342 1344 1345 1348 1351 1353 1354 1357 1360 1363 1366 1372 1374 1375 1378 1381 1395 1396 1399 1401 1402 1405 1408 1410 1411 1413 1414 1416 1417 1420 1422 1423 1425 1426 1432 1435 1437 1438 1440 1441 1447 1449 1452 1453 1455 1456 1458 1461 1462 1464 1465 1468 1470 1471 1474 1477 1480 1482 1483 1485 1486 1492 1494 1495 1497 1498 2766;
Charset Partition_6 = 1104 1117 1126 1129 1135 1140 1141 1144 1153 1155 1231 1258 1343 1346 1365 1377 2420 2468 2471 2498 2585 2664 2738 2767 2959 2961;
Charset Partition_7 = 1096 1098 1099 1101 1105 1107 1112 1114 1119 1120 1122 1123 1125 1150 1206 1307 1359 1369 1371 1384 1387 1390 1393 1404 1419 1429 1443 1444 1450 1459 1467 1473 1479 1488 1489 2480 2772 2773 2775 2776 2778 2779 2781 2782 2784 2785 2786 2788 2790 2791 2794 2796 2797 2799 2800 2802 2803 2805 2806 2807 2808 2809 2811 2812 2813 2814 2815 2817 2818 2820 2821 2823 2824 2825 2830 2832 2833 2835 2836 2838 2839 2841 2842 2844 2845 2847 2848 2850 2853 2854 2856 2857 2859 2860 2862 2863 2866 2868 2869 2871 2872 2874 2875 2878 2880 2881 2883 2884 2886 2887 2892 2893 2895 2896 2901 2902 2904 2905 2907 2908 2910 2911 2913 2914 2920 2923 2926 2928 2929 2932 2934 2935 2937 2938 2940 2941 2943 2944 2946 2947 2949 2950 2952 2953 2955 2956 2957 2958 6053 6054 6059 6060 6063 6068 6071 6072 6075 6077 6078 6080 6081 6084 6087 6090 6092 6093 6095 6096 6099 6101 6102 6104 6105 6107 6108 6110 6113 6114 6117 6120 6123 6128 6129 6134 6135 6137 6138 6140 6141 6143 6146 6147 6152 6153 6155 6156 6158 6159 6162 6164 6165 6171 6173 6174 6176 6177 6179 6180 6182 6183 6185 6186 6189 6192 6193 6194 6195 6197 6198 6200 6201 6204 6206 6207 6209 6215 6221 6225 6230 6231 6233 6234 6237 6240;
Charset Partition_8 = 1094 1103 1108 1185 1201 1204 1238 1268 1326 1368 1476 2434 2651 2687 2732 2948 5976 5978 5979 5981 5982 5985 5997 6006 6011 6012 6015 6017 6018 6027 6030 6035 6036 6039 6041 6042 6044 6045 6050 6051 6213;
Charset Partition_9 = 1111 1162 1168 1203 1209 1269 1289 1499 2523 2546 2671 2676 2735 2769 2770 2771 2780 2819 2877 2912 2917 2931 2968 2978 5984 5988 6021 6062 6069 6144 6150 6203 6216 6219 6236;
Charset Partition_10 = 37 38 933 934 943 945 946 948 949 952 954 955 957 958 961 963 964 966 967 972 973 975 976 978 979 981 982 984 985 987 988 990 991 993 994 996 997 998 999 1000 1002 1003 1005 1006 1008 1009 1011 1012 1014 1015 1017 1018 1020 1021 1023 1024 1026 1027 1029 1030 1032 1033 1035 1036 1038 1039 1041 1042 1044 1045 1046 1048 1051 1053 1054 1057 1059 1060 1063 1065 1066 1071 1072 1074 1075 1078 1080 1081 1083 1084 1086 1087 1089 1090 1092 1093 1095 1102 1110 1159 1239 1500 1501 1506 2625 2681 2693 2741 2750 2789 2829 2852 2864 2966 2985 2986 2988 2989 2991 2992 2995 3142 3144 3145 3147 3148 3149 3150 3151 3153 3154 3156 3157 3159 3160 3162 3163 3165 3166 3169 3172 3180 3181 3184 3186 3189 3190 3192 3193 3198 3199 3201 3202 3204 3205 3207 3208 3210 3211 3213 3214 3216 3217 3219 3220 3223 3225 3226 3227 3228 3229 3231 3232 3234 3235 3238 3240 3241 3243 3244 3246 3247 3249 3250 3253 3255 3256 3258 3259 3261 3262 3265 3267 3268 3270 3271 3273 3274 3276 3277 3279 3280 6000 6003 6038 6057 6086 6111 6112 6126 6191 6239 6242 6243 6245 6246;
Charset Partition_11 = 912 913 915 916 918 921 922 923 924 925 926 928 930 959 970 1001 1025 1143 1277 1299 1316 1333 1336 1361 1427 1434 1504 1582 1584 1585 1587 1588 1590 1591 1593 1594 1595 1596 1597 1599 1600 1601 1602 1603 1605 1606 1608 1609 1615 1618 1620 1621 1622 1623 1624 1626 1627 1629 1630 1632 1633 1636 1638 1639 1641 1642 1644 1645 1648 1651 1654 1656 1657 1659 1660 1662 1663 1665 1666 1668 1669 1671 1672 1674 1675 1677 1678 1679 1680 1681 1683 1684 1686 1687 1689 1690 1692 1693 1695 1696 1698 1699 1701 1702 1704 1705 1707 1708 1710 1711 1713 1714 1716 1717 1719 1720 1722 1723 1725 1726 1728 1729 1731 1732 1733 1734 1735 1737 1738 1740 1741 1744 1746 1747 1749 1750 1752 1753 1755 1756 1758 1759 1760 1761 1762 1764 1765 1767 1768 1770 1771 1772 1774 1776 1777 1779 1780 1783 1788 1789 1792 1794 1795 1796 1797 1800 1801 1803 1806 1809 1810 1813 1816 1817 1819 1821 1822 1823 1825 1828 1830 1831 1833 1834 1837 1839 1840 1843 1845 1846 1849 1852 1854 1855 1857 1858 1861 1863 1864 1866 1867 1869 1870 1872 1873 1876 1879 1881 1882 1884 1885 1887 1888 1890 1891 1893 1894 1897 1899 1903 1905 1906 1908 1909 1911 1912 1914 1915 1917 1918 1920 1921 1923 1924 1929 1930 1932 1933 1935 1938 1939 1941 1942 1945 1947 1948 1950 1951 1953 1954 1956 1957 1959 1960 1962 1963 1966 1968 1969 1972 1974 1975 1978 1980 1981 1986 1987 1990 1991 1992 1993 1995 1996 1999 2001 2002 2004 2007 2008 2011 2017 2019 2020 2025 2411 2412 2618 2753 2795 2816 2890 2898 2899 2960 2998 3000 3001 3003 3004 3006 3007 3008 3009 3010 3013 3016 3018 3019 3021 3022 3024 3025 3027 3028 3030 3031 3033 3034 3036 3037 3039 3040 3042 3043 3045 3046 3047 3048 3049 3051 3052 3054 3055 3057 3058 3060 3061 3063 3064 3065 3066 3067 3069 3070 3072 3073 3075 3076 3079 3084 3085 3087 3088 3090 3091 3093 3094 3096 3097 3099 3100 3102 3103 3105 3106 3108 3109 3111 3112 3114 3115 3117 3118 3120 3121 3122 3123 3124 3125 3126 3127 3129 3130 3132 3133 3135 3136 3138 3139 3141 3171 3174 3177 3183 3187 3195 3196 3218 3252 3254 3275 6023 6103;
Charset Partition_12 = 507 509 510 513 515 516 904 907 910 914 919 944 947 969 1076 1097 1207 1322 1331 1335 1505 1507 1509 1510 1511 1512 1513 1515 1516 1518 1519 1579 1581 1586 1589 1616 1617 1625 1634 1643 1653 1661 1667 1694 1697 1700 1709 1736 1739 1775 1785 1786 1798 1804 1812 1815 1824 1836 1848 1860 1862 1875 1877 1878 1892 1896 1919 1926 1927 1936 1977 1982 1983 1984 1989 2005 2012 2028 2032 2034 2035 2036 2037 2038 2040 2041 2042 2043 2044 2047 2052 2053 2054 2055 2056 2057 2059 2061 2062 2064 2065 2067 2068 2326 2328 2329 2330 2331 2332 2334 2335 2337 2338 2339 2340 2341 2343 2344 2345 2346 2347 2349 2350 2352 2353 2355 2356 2357 2358 2359 2362 2363 2364 2365 2366 2367 2368 2369 2371 2373 2374 2376 2377 2379 2380 2382 2383 2385 2386 2388 2389 2390 2391 2392 2393 2432 2564 2582 2615 2621 2822 2851 2987 2990 3012 3035 3044 3078 3081 3083 3140 3168 3179 3230 3282 3283 3285 3286 3288 3289 3291 3292 3294 3295 3297 3298 3300 3301 3303 3304 3306 3307 3309 3310 3312 3313 3315 3316 3318 3319 3321 3322 3324 3325 3327 3328 3329 3330 3331 3333 3334 3336 3337 3339 3340 3342 3343 3345 3346 3348 3349 3351 3352 3354 3355 3357 3358 3360 3361 3363 3364 3366 3367 3369 3370 3372 3373 3375 3376 3378 3379 3381 3382 3384 3385 3387 3388 3390 3394 3396 3397 3399 3400 3402 3403 3405 3406 3408 3409 3412 3414 3415 3417 3418 3420 3421 3423 3424 3426 3427 3428 3429 3430 3433 3435 3436 3438 5427 5428 5431 5433 5434 5437 5439 5440 5442 5443 5445 5446 5448 5449 5451 5452 5454 5455 5457 5458 5460 5461 5476 5479 5481 5482 5483 5484 5485 5486 5487 5488 5491 5494 5496 5497 5499 5500 5502 5503 5505 5506 5508 5509 5512 5514 5515 5516 5517 5518 5520 5521 5524 5526 5527 5529 5530 5532 5533 5535 5536 5538 5539 5541 5542 5544 5545 5547 5548 5550 5551 5553 5554 5557 5560 5562 5563 5565 5568 5569 5571 5572 5574 5575 5578 5580 5581 5584 5587 5589 5590 5592 5593 5595 5596 5598 5599 5601 5602 5604 5605 5607 5608 5610 5611 5613 5614 5617 5620 5622 5623 5625 5626 5628 5629 5631 5632 5634 5635 5637 5638 5641 5643 5644 5646 5647 5649 5650 5652 5653 5655 5656 5658 5659 5661 5662 5664 5665 5667 5668 5670 5671 5673 5674 5676 5677 5680 5683 5686 5689 5691 5692 5694 5695 5697 5698 5700 5701 5703 5704 5706 5707 5708 5710 5713 5715 5716 5719 5721 5722 5724 5725 5727 5728 5730 5731 5733 5734 5736 5737 5739 5740 5742 5743 5745 5746 5748 5749 5754 5757 5758 5760 5761 5763 5764 5766 5767 5770 5773 5775 5776 5778 5779 5781 5782 5784 5785 5790 5791 5793 5796 5799 5805 5806 5808 5809 5811 5812 5814 5815 5817 5818 5820 5821 5826 5827 5829 5830 5832 5833 5835 5836 5839 5841 5842 5844 5845 5847 5972 5973 5990 6047 6048 6098 6154 6168;
Charset Partition_13 = 1 2 3 4 5 6 7 8 9 10 11 12 13 14 15 16 17 18 19 20 21 23 24 25 26 27 28 29 30 32 33 34 35 36 39 40 41 42 43 44 45 47 48 49 50 51 52 53 54 55 56 57 58 59 60 452 456 458 459 462 464 467 468 471 473 474 477 480 482 483 485 486 488 489 495 497 501 506 596 597 599 600 603 614 615 616 617 618 621 623 624 626 627 629 630 632 633 635 636 639 641 642 644 645 647 648 650 651 653 654 656 657 659 660 662 663 665 666 667 668 669 671 672 674 675 678 680 681 684 689 690 693 695 699 701 707 708 710 714 716 717 719 720 721 723 725 726 728 729 731 732 734 735 737 738 740 741 743 744 746 747 749 750 752 753 755 756 758 759 761 762 763 765 768 771 774 776 777 779 780 782 783 785 786 788 789 791 792 794 795 797 798 801 803 804 806 807 808 809 810 812 813 815 816 818 819 824 825 830 831 836 837 840 843 846 848 849 853 855 856 857 858 859 860 861 862 863 864 865 866 867 868 869 870 871 874 876 877 878 879 880 881 882 883 885 886 887 888 889 891 892 893 894 895 897 898 901 902 903 911 927 931 936 937 939 940 942 951 953 956 960 962 965 968 974 986 989 992 995 1004 1010 1016 1022 1028 1034 1037 1043 1061 1067 1068 1069 1077 1079 1085 1212 1236 1244 1256 1295 1298 1337 1347 1355 1356 1421 1445 1448 1463 1514 1578 1583 1611 1612 1614 1635 1637 1640 1650 1676 1743 1757 1763 1791 1807 1827 1829 1842 1844 1851 1874 1895 1898 1900 1907 1940 1952 1964 1965 1970 1985 1988 2000 2003 2018 2021 2023 2027 2033 2045 2046 2048 2069 2070 2327 2333 2336 2342 2348 2351 2354 2360 2361 2370 2372 2375 2378 2381 2384 2387 2394 2395 2397 2398 2657 2777 2870 2922 2945 3068 3082 3116 3176 3178 3242 3338 3391 3392 5298 5299 5302 5304 5305 5308 5310 5313 5314 5316 5317 5319 5320 5321 5326 5328 5332 5334 5337 5338 5340 5343 5344 5346 5347 5349 5350 5351 5352 5353 5356 5358 5359 5361 5362 5364 5365 5367 5368 5370 5371 5373 5374 5376 5377 5379 5380 5382 5383 5385 5386 5389 5391 5392 5394 5398 5401 5403 5404 5406 5407 5409 5410 5412 5413 5415 5416 5418 5419 5421 5422 5424 5425 5436 5463 5464 5467 5469 5470 5472 5473 5475 5490 5493 5546 5564 5566 5583 5619 5621 5640 5679 5682 5685 5688 5696 5718 5751 5752 5755 5768 5769 5772 5787 5788 5794 5797 5800 5802 5803 5823 5824 5846 5967 5970 5991 5993 6002 6005 6026 6033 6132 6167 6170 6222 6224 6226;
Charset Partition_14 = 22 31 46 62 63 64 65 450 453 455 465 494 498 500 504 602 605 606 608 609 640 658 686 687 692 698 700 702 712 748 767 770 787 800 822 828 839 842 851 852 854 872 873 875 884 890 896 899 900 905 906 908 909 917 920 929 938 941 950 971 977 980 983 1007 1013 1019 1031 1040 1047 1049 1050 1055 1056 1058 1062 1064 1073 1082 1100 1148 1178 1190 1197 1208 1218 1220 1235 1241 1247 1257 1259 1280 1292 1310 1313 1319 1320 1324 1325 1329 1382 1446 1451 1503 1517 1577 1607 1628 1652 1658 1682 1703 1715 1751 1766 1773 1787 1799 1802 1832 1835 1841 1880 1955 1961 1971 1979 2010 2013 2024 2026 2029 2030 2031 2039 2049 2050 2058 2060 2071 2072 2073 2074 2076 2077 2078 2079 2080 2082 2083 2085 2086 2087 2088 2089 2090 2091 2092 2093 2094 2095 2096 2097 2098 2100 2101 2102 2103 2104 2106 2107 2109 2110 2112 2113 2114 2115 2116 2118 2119 2121 2122 2124 2125 2127 2128 2130 2131 2133 2134 2136 2137 2142 2146 2148 2149 2151 2152 2153 2154 2155 2156 2158 2161 2163 2164 2166 2167 2170 2172 2173 2175 2176 2178 2179 2181 2182 2184 2185 2188 2191 2196 2197 2199 2200 2203 2205 2206 2208 2209 2211 2212 2214 2215 2218 2220 2221 2222 2223 2224 2226 2227 2229 2230 2232 2233 2235 2241 2245 2251 2253 2257 2260 2262 2263 2265 2266 2269 2271 2272 2274 2275 2277 2278 2280 2281 2283 2284 2286 2289 2290 2291 2298 2299 2301 2302 2307 2308 2310 2311 2313 2314 2319 2322 2323 2396 2399 2555 2591 2624 2627 2861 2919 2997 3071 3173 3237 3323 3335 3359 3371 3437 4156 4157 4158 4159 4162 4164 4167 4168 4170 4171 4172 4173 4174 4176 4177 4179 4180 4182 4186 4189 4191 4192 4195 4197 4198 4200 4201 4203 4204 4206 4207 4209 4210 4212 4213 4216 4218 4219 4221 4222 4224 4225 4227 4228 4230 4231 4233 4234 4236 4237 4239 4240 4242 4243 4245 4246 4247 4248 4249 4251 4252 4254 4255 4257 4258 4260 4261 4263 4264 4266 4267 4269 4270 4272 4273 4275 4276 4278 4279 4281 4282 4284 4285 4288 4290 4291 4293 4294 4296 4297 4299 4300 4302 4303 4306 4308 4309 4311 4312 4314 4315 4316 4317 4318 4319 4320 4321 4323 4324 4326 4327 4329 4330 4332 4333 4335 4336 4338 4339 4341 4342 4343 4344 4345 4347 4348 4351 4353 4354 4356 4357 4359 4360 4363 4365 4366 4369 4371 5251 5252 5254 5255 5256 5257 5260 5262 5263 5271 5272 5277 5278 5280 5286 5287 5301 5306 5311 5315 5322 5323 5325 5329 5331 5335 5381 5400 5417 5441 5498 5511 5639 5648 5657 5660 5709 5946 5954 5955 5960 5961 5964 5987 6009 6014 6024 6074 6116 6125 6149 6161 6188 6210 6228;
Charset Partition_15 = 61 449 470 481 491 593 649 664 683 688 696 781 821 932 935 1052 1070 1109 1130 1131 1132 1142 1152 1163 1166 1169 1184 1211 1217 1224 1327 1328 1332 1340 1352 1362 1373 1380 1415 1433 1439 1460 1475 1490 1508 1521 1524 1542 1543 1548 1549 1551 1552 1554 1555 1557 1558 1561 1563 1564 1566 1567 1569 1570 1572 1573 1575 1576 1592 1598 1619 1631 1647 1649 1655 1670 1673 1712 1718 1781 1784 1790 1805 1814 1818 1820 1847 1856 1859 1868 1871 1883 1901 1902 1910 1913 1916 1931 1937 1944 1946 1958 1967 1973 1976 1994 1998 2006 2009 2014 2016 2022 2051 2063 2066 2075 2081 2084 2099 2105 2108 2111 2117 2120 2123 2126 2129 2132 2138 2139 2140 2141 2143 2144 2157 2160 2169 2171 2180 2183 2187 2189 2190 2192 2193 2194 2198 2201 2202 2204 2207 2210 2213 2216 2217 2219 2225 2228 2231 2234 2236 2237 2238 2239 2240 2242 2244 2246 2247 2248 2250 2252 2254 2256 2259 2261 2264 2267 2268 2270 2282 2285 2287 2292 2294 2296 2305 2309 2312 2316 2317 2318 2320 2321 2324 2325 2483 2507 2516 2756 2831 2876 2915 2924 2954 2994 3015 3041 3053 3074 3077 3089 3113 3143 3167 3284 3293 3296 3350 3356 3395 3411 3425 3432 4160 4161 4163 4165 4166 4169 4175 4178 4181 4183 4184 4185 4187 4188 4190 4193 4194 4196 4199 4202 4208 4215 4220 4223 4229 4241 4262 4280 4287 4289 4295 4298 4305 4310 4313 4331 4350 4362 4368 4372 4373 4374 4375 4377 4378 4380 4381 4383 4384 4386 4387 4389 4390 4392 4393 4395 4396 4398 4399 4401 4402 4404 4405 4407 4408 4410 4411 4413 4414 4415 4416 4417 4419 4420 4422 4423 4425 4426 4428 4429 4431 4432 4434 4435 4437 4438 4440 4441 4443 4444 4446 4447 4449 4450 4452 4453 4455 4456 4458 4459 4461 4462 4464 4465 4467 4468 4470 4471 4473 4474 4476 4477 4479 4480 4482 4483 4486 4488 4490 4491 4492 4494 4498 4500 4501 4504 4507 4509 4510 4512 4513 4515 4516 4524 4525 4530 4531 4533 4534 4536 4540 4549 5249 5253 5259 5268 5275 5318 5324 5355 5397 5429 5438 5447 5504 5556 5642 5666 5669 5720 5723 5804 5837 5843 5898 5901 5907 5909 5912 5913 5916 5918 5919 5921 5922 5924 5925 5927 5928 5930 5931 5934 5936 5937 5939 5940 5941 5945 5948 5949 5952 5966 5969 5980 5994 6032 6040 6122 6131 6212 6218 6227;
Charset Partition_16 = 457 661 705 790 814 850 1091 1113 1121 1128 1137 1139 1151 1172 1175 1193 1205 1251 1278 1283 1304 1349 1350 1370 1376 1383 1389 1398 1407 1409 1424 1428 1430 1431 1442 1466 1481 1484 1491 1502 1522 1527 1529 1530 1531 1533 1534 1536 1537 1538 1540 1544 1546 1553 1556 1560 1562 1571 1604 1685 1688 1706 1721 1724 1730 1742 1769 1778 1782 1793 1811 1826 1838 1850 1853 1865 1886 1904 1934 1943 1949 1997 2015 2135 2145 2147 2150 2159 2162 2165 2168 2174 2177 2186 2195 2243 2249 2255 2258 2273 2276 2279 2288 2293 2295 2297 2300 2303 2304 2306 2783 2792 2906 2969 3005 3038 3101 3182 3188 3264 3269 3305 3311 3347 3393 3407 3410 3416 3439 3442 3445 3447 3448 3453 3456 3459 4205 4214 4217 4226 4232 4238 4244 4253 4256 4259 4265 4271 4274 4277 4283 4286 4292 4301 4304 4307 4322 4325 4352 4367 4439 4463 4475 4485 4489 4495 4518 4519 4521 4522 4528 4537 4539 4543 4545 4546 4548 4826 4828 4831 4832 4834 4835 4837 4838 4840 4841 4842 4843 4844 4847 4849 4852 4853 4855 4856 4858 4859 4862 4864 4865 4868 5002 5003 5005 5006 5008 5009 5011 5012 5014 5015 5020 5021 5024 5026 5027 5029 5030 5032 5033 5035 5036 5041 5042 5044 5045 5047 5048 5050 5051 5054 5057 5060 5261 5264 5267 5281 5300 5480 5594 5624 5645 5663 5726 5747 5849 5850 5862 5867 5868 5869 5870 5871 5872 5874 5877 5879 5880 5882 5883 5885 5886 5888 5892 5895 5897 5900 5904 5910 5915 5923 5943 5944 5971 6008 6013 6020 6028 6056 6082 6178;
Charset Partition_17 = 844 1088 1106 1115 1116 1118 1124 1127 1133 1134 1136 1145 1154 1157 1202 1214 1223 1226 1229 1232 1253 1262 1265 1274 1286 1301 1358 1367 1379 1385 1386 1388 1392 1394 1397 1400 1403 1406 1418 1436 1454 1457 1469 1472 1478 1487 1493 1496 1523 1525 1526 1528 1532 1535 1539 1541 1545 1547 1559 1565 1568 1574 1580 1610 1613 1646 1664 1691 1727 1745 1748 1754 1808 1889 1922 1925 1928 2315 2429 2447 2450 2492 2600 2849 3014 3272 3287 3431 3441 3454 3462 4211 4235 4250 4268 4334 4337 4340 4346 4349 4370 4382 4385 4388 4394 4433 4448 4454 4457 4496 4497 4503 4527 4529 4538 4541 4542 4551 4552 4557 4558 4560 4561 4564 4566 4567 4569 4570 4572 4573 4576 4578 4581 4582 4583 4584 4587 4588 4590 4591 4593 4594 4596 4599 4600 4603 4606 4608 4609 4611 4612 4614 4615 4617 4618 4621 4623 4624 4627 4630 4632 4639 4641 4648 4650 4651 4653 4654 4657 4659 4660 4663 4665 4668 4669 4671 4674 4675 4677 4678 4680 4681 4684 4686 4687 4689 4690 4692 4693 4695 4696 4698 4699 4701 4702 4704 4705 4708 4710 4711 4713 4714 4716 4717 4718 4719 4720 4722 4723 4725 4726 4728 4729 4731 4732 4740 4741 4743 4744 4750 4752 4755 4756 4761 4762 4764 4765 4767 4768 4770 4771 4772 4773 4774 4825 4829 4830 4833 4836 4845 4846 4850 4854 4857 4861 4866 4867 5017 5018 5038 5039 5046 5059 5065 5066 5068 5069 5071 5072 5074 5075 5077 5078 5080 5081 5083 5084 5086 5087 5092 5093 5095 5096 5098 5099 5101 5102 5104 5105 5107 5108 5110 5111 5113 5114 5116 5117 5119 5122 5125 5126 5128 5129 5131 5132 5135 5137 5138 5140 5141 5142 5143 5144 5147 5150 5152 5153 5155 5156 5158 5159 5162 5167 5168 5171 5173 5174 5177 5179 5180 5185 5186 5189 5191 5192 5194 5195 5200 5201 5206 5207 5210 5212 5215 5216 5217 5218 5219 5222 5224 5225 5227 5228 5229 5230 5609 5756 5851 5852 5853 5855 5856 5858 5859 5860 5861 5864 5865 5873 5875 5876 5887 5889 5894 5933 5956 5996 5999 6031 6052 6088 6106 6142 6157 6184 6214 6217 6238;
Charset Partition_18 = 1187 1196 1199 1250 1271 1334 1364 1391 1412 1550 2519 2597 2723 2843 2888 2963 3011 3017 3080 3344 3450 3451 3463 3464 4328 4376 4391 4400 4409 4412 4418 4424 4442 4460 4472 4484 4502 4506 4517 4520 4523 4544 4554 4585 4602 4626 4629 4636 4645 4647 4666 4672 4683 4707 4734 4737 4738 4747 4758 4776 4777 4779 4780 4783 4786 4788 4789 4791 4792 4794 4795 4797 4798 4799 4800 4801 4803 4804 4806 4807 4809 4810 4812 4813 4814 4815 4816 4818 4819 4821 4822 4824 4827 4839 4848 4851 4860 4863 5004 5007 5010 5052 5056 5062 5063 5090 5120 5123 5146 5164 5182 5183 5204 5209 5213 5857 5866 5878 5881 5884 5890 5891 5903 5906 5911 5914 5917 5920 5938 5942 5950 5951 5957 5958 5962 5974 5975 5983 5995 6019 6022 6025 6029 6043 6055 6076 6085 6089 6124 6145 6160 6187 6199 6211 6247;
Charset Partition_19 = 1520 2534 2699 2720 2979 3200 3203 3233 3239 3326 3443 3460 3592 3598 3599 3602 3604 3605 3608 3613 3616 3617 3619 3620 3622 3623 3625 3626 3628 3629 3631 3632 3634 3635 3637 3638 3640 3641 3643 3644 3646 3647 3649 3650 3652 3653 3655 3656 3658 3659 3661 3662 3664 3665 3667 3668 3671 3674 3679 3680 3682 3683 3685 3686 3688 3689 3692 3694 3695 3697 3698 3701 3703 3704 3705 3706 3707 3709 3710 3712 3713 3715 3716 3718 3719 3721 3722 3724 3725 3727 3728 3730 3731 3733 3734 3736 3737 3739 3742 3743 3746 3748 3749 3751 3752 3754 3755 3758 3760 3761 3764 3766 3767 3768 3770 3772 3773 3775 3776 3778 3779 3781 3782 3784 3785 3787 3788 3790 3791 3793 3794 3796 3797 3799 3800 3802 3803 3805 3806 3809 3811 3812 3814 3815 3817 3818 3820 3821 3824 3826 3827 3829 3830 3832 3833 3835 3836 3838 3839 3841 3842 3844 3845 3848 3851 3853 3854 3857 3859 3860 3863 3865 3866 3868 3869 3871 3872 3873 3874 3875 3877 3878 3881 3883 3884 3886 3887 3889 3893 3895 4355 4358 4361 4364 4397 4403 4406 4421 4427 4436 4445 4451 4466 4469 4481 4487 4499 4505 4508 4511 4514 4526 4535 4547 4579 4597 4620 4635 4638 4644 4697 4721 4754 4759 4775 4782 4869 5013 5019 5023 5031 5043 5053 5094 5106 5134 5157 5165 5169 5170 5203 5208 5221 5848 5854 5863 5893 5896 5899 5902 5905 5908 5926 5932 5963 5965 5977 5998 6004 6016 6034 6037 6049 6065 6066 6070 6073 6083 6109 6115 6127 6133 6166 6196 6235;
Charset Partition_20 = 546 548 549 551 552 554 555 558 560 561 564 566 567 569 570 572 573 575 584 585 587 588 591 713 2431 2903 2996 3086 3098 3146 3161 3222 3353 3365 3377 3386 3559 3560 3563 3565 3566 3568 3569 3570 3571 3572 3574 3575 3577 3578 3580 3581 3583 3584 3586 3587 3589 3593 3607 3614 3677 3700 3740 3745 3757 3823 3837 3847 3850 3856 3879 3890 3896 3898 3899 3901 3902 3904 3905 3907 3908 3910 3911 3914 3916 3917 3919 3922 3923 3926 3928 3929 3931 3932 3935 3937 3938 3943 3944 3946 3947 3949 3952 3953 3955 3956 3961 3962 3965 3967 3968 3970 3973 3974 3977 3979 3982 3983 3985 3986 3989 3991 3992 3994 3995 3997 3998 4001 4003 4379 4430 4478 4493 4532 4550 4555 4563 4634 4642 4724 4730 4742 4745 4749 4751 4757 4760 4790 4793 4808 4892 4894 4897 4898 4903 4904 4906 4907 4909 4910 4912 4915 4916 4918 4919 4931 4934 4936 4937 4939 4940 4942 4943 4945 4946 4947 4948 4949 4952 5028 5061 5085 5127 5149 5176 5197 5341 5388 5586 5633 5777 5929 5935 5947 5953 5959 5968 5986 5989 5992 6001 6010 6046 6061 6130 6139 6181 6205 6220;
Charset Partition_21 = 440 443 444 447 518 519 521 522 524 525 527 528 530 531 533 534 536 537 538 539 540 542 543 711 764 2423 2513 2549 2573 2633 2729 2981 3002 3137 3152 3185 3197 3245 3320 3413 3444 3449 3539 3541 3542 3544 3545 3547 3548 3550 3551 3553 3554 3556 3557 3562 3588 3590 3673 3676 3690 3769 3813 3862 3867 3920 3976 4006 4007 4009 4010 4012 4013 4015 4016 4018 4021 4022 4024 4025 4027 4028 4033 4034 4036 4037 4040 4042 4043 4045 4046 4051 4052 4055 4057 4058 4060 4061 4063 4064 4066 4067 4069 4070 4072 4073 4076 4078 4079 4081 4082 4084 4085 4088 4090 4093 4094 4097 4098 4099 4100 4102 4103 4105 4106 4109 4111 4112 4114 4117 4118 4119 4121 4123 4124 4126 4127 4129 4130 4132 4133 4135 4136 4138 4139 4141 4142 4144 4146 4147 4148 4150 4154 4574 4595 4604 4613 4631 4633 4649 4688 4694 4735 4746 4753 4769 4778 4785 4796 4817 4891 4895 4900 4901 4913 4917 4921 4922 4924 4925 4930 4954 4958 4960 4961 4963 4964 4965 4966 4967 4970 4972 4973 4975 4976 4979 5016 5022 5025 5034 5037 5049 5055 5064 5070 5073 5089 5133 5161 5187 5188 5226 5289 5290 5293 5295 5523 5828 5834 6007 6058 6094 6097 6119 6169 6202 6208 6229 6244;
Charset Partition_22 = 437 441 581 594 638 670 827 2444 2543 2787 2793 2889 3221 3257 3263 3317 3332 3374 3380 3404 3457 3536 3538 3582 3670 3687 3771 3774 3780 3792 3801 3940 3950 3958 3959 4019 4020 4031 4054 4075 4087 4091 4096 4108 4115 4116 4120 4140 4145 4151 4153 4559 4580 4605 4646 4652 4656 4661 4662 4664 4667 4682 4706 4709 4712 4733 4763 4781 4811 4823 4871 4876 4877 4879 4888 4889 4911 4923 4928 4933 4978 4982 4984 4985 4987 4988 4990 4991 4992 4993 4994 4997 4999 5000 5040 5058 5097 5103 5136 5160 5163 5175 5205 5214 5292 5296 5513 5577 5741 6064 6067 6079 6121 6136 6148 6151 6163 6172 6175 6190 6241;
Charset Partition_23 = 438 611 2426 2558 2645 2675 2801 2909 2916 3175 3212 3518 3520 3521 3523 3524 3526 3532 3533 3601 3603 3681 3699 3795 3892 3934 3969 3971 3980 4000 4095 4128 4149 4556 4586 4610 4619 4640 4673 4691 4700 4703 4727 4736 4739 4748 4766 4784 4802 4805 4820 4870 4880 4883 4885 4886 4905 4951 4957 4996 5079 5112 5121 5124 5130 5154 5178 5181 5190 5198 5199 5220 5223 5248 5284 5333 5393 5466 5582 5616 5744 6091 6100 6223;
Charset Partition_24 = 176 177 179 180 182 183 186 189 198 201 204 209 210 213 218 219 221 222 224 225 227 228 230 231 234 236 237 238 239 240 243 246 248 251 252 254 255 258 269 270 276 285 287 288 294 296 297 299 300 302 303 305 306 311 312 313 314 315 318 323 324 327 330 332 333 336 338 339 342 344 345 347 348 357 359 360 366 380 381 390 396 405 407 408 411 413 414 416 417 419 420 422 423 425 426 428 429 431 432 435 479 727 784 826 2408 2588 2639 2660 2882 2891 2951 2993 3023 3104 3191 3194 3290 3368 3383 3452 3508 3511 3512 3515 3517 3527 3529 3530 3535 3555 3611 3636 3645 3696 3729 3747 3880 3941 4030 4131 4568 4575 4577 4589 4607 4628 4643 4676 4679 4715 4873 4902 4908 4927 4932 4935 5067 5088 5109 5118 5139 5145 5172 5247 5270 5283 5426 5432 5435 5478 5492 5573 5672 5717 5759 5780 6118;
Charset Partition_25 = 173 174 197 249 260 321 375 404 421 451 484 512 576 578 592 703 2579 2630 2684 2774 2846 2865 2879 3281 3314 3506 3595 3610 3675 3691 3925 3963 3964 4039 4049 4080 4113 4125 4155 4553 4562 4565 4598 4622 4637 4655 4658 4670 4787 4882 4890 4893 5091 5115 5148 5151 5184 5193 5196 5202 5211 5250 5339 5395 5411 5543 5789 5816 6232;
Charset Partition_26 = 137 138 140 141 143 147 152 153 154 155 156 158 159 161 162 164 165 168 170 171 195 200 203 267 279 301 374 378 503 545 557 562 574 579 589 773 796 834 2405 2453 2798 2925 2942 3062 3092 3164 3224 3299 3419 3466 3472 3473 3476 3478 3479 3481 3482 3484 3485 3488 3491 3493 3499 3500 3502 3503 3505 3531 3612 3621 3654 3660 3678 3684 3693 3708 3720 3738 3808 3876 3882 3906 3942 3948 4023 4035 4065 4068 4571 4616 4625 4874 4914 4926 5076 5082 5100 5166 5265 5269 5348 5396 5456 5528 5534 5798 5801;
Charset Partition_27 = 66 68 71 72 74 75 77 78 80 81 83 84 85 86 87 89 90 92 93 95 96 98 99 101 102 104 105 106 110 111 113 114 117 122 123 125 126 128 129 131 132 134 135 185 191 206 207 242 263 272 273 281 282 289 308 335 371 372 373 492 505 514 535 590 722 730 754 799 2510 2636 2672 2747 2873 3278 3308 3422 3440 3487 3496 3514 3561 3573 3639 3666 3783 3828 3888 3897 4092 4101 4134 4601 4685 4929 4968 5242 5282 5307 5430 5444 5450 5507 5570 5576 5714 5783 5825 5838;
Charset Partition_28 = 108 150 208 266 290 291 292 329 356 365 395 398 412 433 487 511 517 556 559 563 739 833 2430 2552 2603 2804 2810 2834 2837 2858 2885 3059 3095 3110 3134 3155 3251 3266 3389 3458 3469 3470 3475 3497 3596 3606 3789 3825 3846 3861 3957 3978 3993 4004 4008 4032 4038 4044 4062 4086 4152 4592 4872 4953 4955 4956 4969 4977 5239 5366 5501 5585 5699 5702 5729 5735 5753 5765 5771 5810 5831;
Charset Partition_29 = 69 91 107 116 124 136 139 144 149 163 196 212 215 216 232 233 261 262 317 334 341 363 368 384 409 427 439 454 460 520 586 598 607 677 691 704 760 766 811 845 2435 2456 2462 2528 2537 2609 2696 2867 2900 2918 3029 3248 3398 3434 3477 3615 3648 3753 3763 3912 3960 4041 4048 4875 4878 4887 4896 4899 4950 4959 5240 5245 5360 5378 5384 5387 5405 5462 5537 5559 5732 5750;
Charset Partition_30 = 67 70 73 76 79 82 88 94 97 100 103 109 112 115 118 119 120 121 127 130 133 142 145 146 148 151 157 160 166 167 169 172 175 178 181 184 187 188 190 192 193 194 199 202 205 211 214 217 220 223 226 229 235 241 244 245 247 250 253 256 257 259 264 265 268 271 274 275 277 278 280 283 284 286 293 295 298 304 307 309 310 316 319 320 322 325 326 328 331 337 340 343 346 349 350 351 352 353 354 355 358 361 362 364 367 369 370 376 377 379 382 383 385 386 387 388 389 391 392 393 394 397 399 400 401 402 403 406 410 415 418 424 430 434 436 442 445 446 448 461 463 466 469 472 475 476 478 490 493 496 499 502 508 523 526 529 532 541 544 547 550 553 565 568 571 577 580 582 583 595 601 604 610 612 613 619 620 622 625 628 631 634 637 643 646 652 655 673 676 679 682 685 694 697 706 709 715 718 724 733 736 742 745 751 757 769 772 775 778 793 802 805 817 820 823 829 832 835 838 841 847 2402 2414 2441 2459 2465 2495 2501 2504 2522 2525 2531 2567 2576 2594 2612 2654 2663 2666 2678 2705 2708 2711 2717 2726 2744 2768 2826 2827 2828 2840 2855 2894 2897 2921 2927 2930 2933 2936 2939 2972 2975 2984 2999 3020 3026 3032 3050 3056 3107 3119 3128 3131 3158 3170 3206 3209 3215 3236 3260 3302 3341 3362 3401 3446 3455 3461 3465 3467 3468 3471 3474 3480 3483 3486 3489 3490 3492 3494 3495 3498 3501 3504 3507 3509 3510 3513 3516 3519 3522 3525 3528 3534 3537 3540 3543 3546 3549 3552 3558 3564 3567 3576 3579 3585 3591 3594 3597 3600 3609 3618 3624 3627 3630 3633 3642 3651 3657 3663 3669 3672 3702 3711 3714 3717 3723 3726 3732 3735 3741 3744 3750 3756 3759 3762 3765 3777 3786 3798 3804 3807 3810 3816 3819 3822 3831 3834 3840 3843 3849 3852 3855 3858 3864 3870 3885 3891 3894 3900 3903 3909 3913 3915 3918 3921 3924 3927 3930 3933 3936 3939 3945 3951 3954 3966 3972 3975 3981 3984 3987 3988 3990 3996 3999 4002 4005 4011 4014 4017 4026 4029 4047 4050 4053 4056 4059 4071 4074 4077 4083 4089 4104 4107 4110 4122 4137 4143 4881 4884 4920 4938 4941 4944 4962 4971 4974 4980 4981 4983 4986 4989 4995 4998 5001 5231 5232 5233 5234 5235 5236 5237 5238 5241 5243 5244 5246 5258 5266 5273 5274 5276 5279 5285 5288 5291 5294 5297 5303 5309 5312 5327 5330 5336 5342 5345 5354 5357 5363 5369 5372 5375 5390 5399 5402 5408 5414 5420 5423 5453 5459 5465 5468 5471 5474 5477 5489 5495 5510 5519 5522 5525 5531 5540 5549 5552 5555 5558 5561 5567 5579 5588 5591 5597 5600 5603 5606 5612 5615 5618 5627 5630 5636 5651 5654 5675 5678 5681 5684 5687 5690 5693 5705 5711 5712 5738 5762 5774 5786 5792 5795 5807 5813 5819 5822 5840;
partition Partitions = 30: Partition_1, Partition_2, Partition_3, Partition_4, Partition_5, Partition_6, Partition_7, Partition_8, Partition_9, Partition_10, Partition_11, Partition_12, Partition_13, Partition_14, Partition_15, Partition_16, Partition_17, Partition_18, Partition_19, Partition_20, Partition_21, Partition_22, Partition_23, Partition_24, Partition_25, Partition_26, Partition_27, Partition_28, Partition_29, Partition_30;
set partition = Partitions;


PHYLIP  style
DNA, Partition_1 = 2403, 2404, 2406, 2407, 2409, 2413, 2415, 2416, 2417, 2418, 2419, 2421, 2422, 2425, 2427, 2428, 2436, 2437, 2438, 2439, 2440, 2442, 2443, 2445, 2446, 2448, 2449, 2451, 2452, 2454, 2455, 2457, 2458, 2460, 2461, 2463, 2464, 2466, 2467, 2469, 2470, 2472, 2473, 2474, 2475, 2476, 2478, 2479, 2482, 2484, 2485, 2486, 2487, 2488, 2489, 2490, 2491, 2493, 2494, 2496, 2497, 2499, 2500, 2502, 2503, 2505, 2506, 2508, 2509, 2511, 2512, 2514, 2515, 2517, 2518, 2520, 2521, 2524, 2526, 2527, 2529, 2530, 2532, 2533, 2535, 2536, 2538, 2539, 2540, 2541, 2542, 2544, 2545, 2547, 2548, 2550, 2551, 2553, 2554, 2556, 2557, 2559, 2560, 2562, 2563, 2565, 2566, 2568, 2569, 2571, 2572, 2574, 2575, 2577, 2578, 2580, 2581, 2583, 2584, 2586, 2587, 2589, 2590, 2592, 2593, 2596, 2599, 2601, 2602, 2604, 2605, 2607, 2608, 2611, 2613, 2614, 2616, 2617, 2619, 2620, 2622, 2623, 2626, 2628, 2629, 2631, 2632, 2634, 2635, 2637, 2638, 2640, 2641, 2642, 2643, 2644, 2646, 2647, 2648, 2649, 2650, 2652, 2653, 2655, 2656, 2658, 2659, 2661, 2662, 2665, 2667, 2669, 2670, 2673, 2674, 2679, 2680, 2682, 2683, 2685, 2686, 2688, 2689, 2690, 2691, 2692, 2694, 2695, 2697, 2698, 2700, 2701, 2702, 2703, 2704, 2707, 2709, 2710, 2712, 2713, 2715, 2716, 2718, 2719, 2721, 2722, 2724, 2725, 2727, 2730, 2731, 2733, 2734, 2736, 2737, 2745, 2746, 2749, 2751, 2752, 2754, 2755, 2757, 2758, 2760, 2761, 2762, 2763, 2764
DNA, Partition_2 = 2400, 2561, 2570, 2595, 2598, 2610, 2714, 2748
DNA, Partition_3 = 2410, 2424, 2433, 2481, 2668, 2706, 2728, 2765, 2962, 2964, 2965, 2967, 2970, 2971, 2973, 2974, 2976, 2977, 2980, 2982, 2983
DNA, Partition_4 = 2401, 2477, 2606, 2677, 2739, 2740, 2742, 2743, 2759
DNA, Partition_5 = 1138, 1146, 1147, 1149, 1156, 1158, 1160, 1161, 1164, 1165, 1167, 1170, 1171, 1173, 1174, 1176, 1177, 1179, 1180, 1181, 1182, 1183, 1186, 1188, 1189, 1191, 1192, 1194, 1195, 1198, 1200, 1210, 1213, 1215, 1216, 1219, 1221, 1222, 1225, 1227, 1228, 1230, 1233, 1234, 1237, 1240, 1242, 1243, 1245, 1246, 1248, 1249, 1252, 1254, 1255, 1260, 1261, 1263, 1264, 1266, 1267, 1270, 1272, 1273, 1275, 1276, 1279, 1281, 1282, 1284, 1285, 1287, 1288, 1290, 1291, 1293, 1294, 1296, 1297, 1300, 1302, 1303, 1305, 1306, 1308, 1309, 1311, 1312, 1314, 1315, 1317, 1318, 1321, 1323, 1330, 1338, 1339, 1341, 1342, 1344, 1345, 1348, 1351, 1353, 1354, 1357, 1360, 1363, 1366, 1372, 1374, 1375, 1378, 1381, 1395, 1396, 1399, 1401, 1402, 1405, 1408, 1410, 1411, 1413, 1414, 1416, 1417, 1420, 1422, 1423, 1425, 1426, 1432, 1435, 1437, 1438, 1440, 1441, 1447, 1449, 1452, 1453, 1455, 1456, 1458, 1461, 1462, 1464, 1465, 1468, 1470, 1471, 1474, 1477, 1480, 1482, 1483, 1485, 1486, 1492, 1494, 1495, 1497, 1498, 2766
DNA, Partition_6 = 1104, 1117, 1126, 1129, 1135, 1140, 1141, 1144, 1153, 1155, 1231, 1258, 1343, 1346, 1365, 1377, 2420, 2468, 2471, 2498, 2585, 2664, 2738, 2767, 2959, 2961
DNA, Partition_7 = 1096, 1098, 1099, 1101, 1105, 1107, 1112, 1114, 1119, 1120, 1122, 1123, 1125, 1150, 1206, 1307, 1359, 1369, 1371, 1384, 1387, 1390, 1393, 1404, 1419, 1429, 1443, 1444, 1450, 1459, 1467, 1473, 1479, 1488, 1489, 2480, 2772, 2773, 2775, 2776, 2778, 2779, 2781, 2782, 2784, 2785, 2786, 2788, 2790, 2791, 2794, 2796, 2797, 2799, 2800, 2802, 2803, 2805, 2806, 2807, 2808, 2809, 2811, 2812, 2813, 2814, 2815, 2817, 2818, 2820, 2821, 2823, 2824, 2825, 2830, 2832, 2833, 2835, 2836, 2838, 2839, 2841, 2842, 2844, 2845, 2847, 2848, 2850, 2853, 2854, 2856, 2857, 2859, 2860, 2862, 2863, 2866, 2868, 2869, 2871, 2872, 2874, 2875, 2878, 2880, 2881, 2883, 2884, 2886, 2887, 2892, 2893, 2895, 2896, 2901, 2902, 2904, 2905, 2907, 2908, 2910, 2911, 2913, 2914, 2920, 2923, 2926, 2928, 2929, 2932, 2934, 2935, 2937, 2938, 2940, 2941, 2943, 2944, 2946, 2947, 2949, 2950, 2952, 2953, 2955, 2956, 2957, 2958, 6053, 6054, 6059, 6060, 6063, 6068, 6071, 6072, 6075, 6077, 6078, 6080, 6081, 6084, 6087, 6090, 6092, 6093, 6095, 6096, 6099, 6101, 6102, 6104, 6105, 6107, 6108, 6110, 6113, 6114, 6117, 6120, 6123, 6128, 6129, 6134, 6135, 6137, 6138, 6140, 6141, 6143, 6146, 6147, 6152, 6153, 6155, 6156, 6158, 6159, 6162, 6164, 6165, 6171, 6173, 6174, 6176, 6177, 6179, 6180, 6182, 6183, 6185, 6186, 6189, 6192, 6193, 6194, 6195, 6197, 6198, 6200, 6201, 6204, 6206, 6207, 6209, 6215, 6221, 6225, 6230, 6231, 6233, 6234, 6237, 6240
DNA, Partition_8 = 1094, 1103, 1108, 1185, 1201, 1204, 1238, 1268, 1326, 1368, 1476, 2434, 2651, 2687, 2732, 2948, 5976, 5978, 5979, 5981, 5982, 5985, 5997, 6006, 6011, 6012, 6015, 6017, 6018, 6027, 6030, 6035, 6036, 6039, 6041, 6042, 6044, 6045, 6050, 6051, 6213
DNA, Partition_9 = 1111, 1162, 1168, 1203, 1209, 1269, 1289, 1499, 2523, 2546, 2671, 2676, 2735, 2769, 2770, 2771, 2780, 2819, 2877, 2912, 2917, 2931, 2968, 2978, 5984, 5988, 6021, 6062, 6069, 6144, 6150, 6203, 6216, 6219, 6236
DNA, Partition_10 = 37, 38, 933, 934, 943, 945, 946, 948, 949, 952, 954, 955, 957, 958, 961, 963, 964, 966, 967, 972, 973, 975, 976, 978, 979, 981, 982, 984, 985, 987, 988, 990, 991, 993, 994, 996, 997, 998, 999, 1000, 1002, 1003, 1005, 1006, 1008, 1009, 1011, 1012, 1014, 1015, 1017, 1018, 1020, 1021, 1023, 1024, 1026, 1027, 1029, 1030, 1032, 1033, 1035, 1036, 1038, 1039, 1041, 1042, 1044, 1045, 1046, 1048, 1051, 1053, 1054, 1057, 1059, 1060, 1063, 1065, 1066, 1071, 1072, 1074, 1075, 1078, 1080, 1081, 1083, 1084, 1086, 1087, 1089, 1090, 1092, 1093, 1095, 1102, 1110, 1159, 1239, 1500, 1501, 1506, 2625, 2681, 2693, 2741, 2750, 2789, 2829, 2852, 2864, 2966, 2985, 2986, 2988, 2989, 2991, 2992, 2995, 3142, 3144, 3145, 3147, 3148, 3149, 3150, 3151, 3153, 3154, 3156, 3157, 3159, 3160, 3162, 3163, 3165, 3166, 3169, 3172, 3180, 3181, 3184, 3186, 3189, 3190, 3192, 3193, 3198, 3199, 3201, 3202, 3204, 3205, 3207, 3208, 3210, 3211, 3213, 3214, 3216, 3217, 3219, 3220, 3223, 3225, 3226, 3227, 3228, 3229, 3231, 3232, 3234, 3235, 3238, 3240, 3241, 3243, 3244, 3246, 3247, 3249, 3250, 3253, 3255, 3256, 3258, 3259, 3261, 3262, 3265, 3267, 3268, 3270, 3271, 3273, 3274, 3276, 3277, 3279, 3280, 6000, 6003, 6038, 6057, 6086, 6111, 6112, 6126, 6191, 6239, 6242, 6243, 6245, 6246
DNA, Partition_11 = 912, 913, 915, 916, 918, 921, 922, 923, 924, 925, 926, 928, 930, 959, 970, 1001, 1025, 1143, 1277, 1299, 1316, 1333, 1336, 1361, 1427, 1434, 1504, 1582, 1584, 1585, 1587, 1588, 1590, 1591, 1593, 1594, 1595, 1596, 1597, 1599, 1600, 1601, 1602, 1603, 1605, 1606, 1608, 1609, 1615, 1618, 1620, 1621, 1622, 1623, 1624, 1626, 1627, 1629, 1630, 1632, 1633, 1636, 1638, 1639, 1641, 1642, 1644, 1645, 1648, 1651, 1654, 1656, 1657, 1659, 1660, 1662, 1663, 1665, 1666, 1668, 1669, 1671, 1672, 1674, 1675, 1677, 1678, 1679, 1680, 1681, 1683, 1684, 1686, 1687, 1689, 1690, 1692, 1693, 1695, 1696, 1698, 1699, 1701, 1702, 1704, 1705, 1707, 1708, 1710, 1711, 1713, 1714, 1716, 1717, 1719, 1720, 1722, 1723, 1725, 1726, 1728, 1729, 1731, 1732, 1733, 1734, 1735, 1737, 1738, 1740, 1741, 1744, 1746, 1747, 1749, 1750, 1752, 1753, 1755, 1756, 1758, 1759, 1760, 1761, 1762, 1764, 1765, 1767, 1768, 1770, 1771, 1772, 1774, 1776, 1777, 1779, 1780, 1783, 1788, 1789, 1792, 1794, 1795, 1796, 1797, 1800, 1801, 1803, 1806, 1809, 1810, 1813, 1816, 1817, 1819, 1821, 1822, 1823, 1825, 1828, 1830, 1831, 1833, 1834, 1837, 1839, 1840, 1843, 1845, 1846, 1849, 1852, 1854, 1855, 1857, 1858, 1861, 1863, 1864, 1866, 1867, 1869, 1870, 1872, 1873, 1876, 1879, 1881, 1882, 1884, 1885, 1887, 1888, 1890, 1891, 1893, 1894, 1897, 1899, 1903, 1905, 1906, 1908, 1909, 1911, 1912, 1914, 1915, 1917, 1918, 1920, 1921, 1923, 1924, 1929, 1930, 1932, 1933, 1935, 1938, 1939, 1941, 1942, 1945, 1947, 1948, 1950, 1951, 1953, 1954, 1956, 1957, 1959, 1960, 1962, 1963, 1966, 1968, 1969, 1972, 1974, 1975, 1978, 1980, 1981, 1986, 1987, 1990, 1991, 1992, 1993, 1995, 1996, 1999, 2001, 2002, 2004, 2007, 2008, 2011, 2017, 2019, 2020, 2025, 2411, 2412, 2618, 2753, 2795, 2816, 2890, 2898, 2899, 2960, 2998, 3000, 3001, 3003, 3004, 3006, 3007, 3008, 3009, 3010, 3013, 3016, 3018, 3019, 3021, 3022, 3024, 3025, 3027, 3028, 3030, 3031, 3033, 3034, 3036, 3037, 3039, 3040, 3042, 3043, 3045, 3046, 3047, 3048, 3049, 3051, 3052, 3054, 3055, 3057, 3058, 3060, 3061, 3063, 3064, 3065, 3066, 3067, 3069, 3070, 3072, 3073, 3075, 3076, 3079, 3084, 3085, 3087, 3088, 3090, 3091, 3093, 3094, 3096, 3097, 3099, 3100, 3102, 3103, 3105, 3106, 3108, 3109, 3111, 3112, 3114, 3115, 3117, 3118, 3120, 3121, 3122, 3123, 3124, 3125, 3126, 3127, 3129, 3130, 3132, 3133, 3135, 3136, 3138, 3139, 3141, 3171, 3174, 3177, 3183, 3187, 3195, 3196, 3218, 3252, 3254, 3275, 6023, 6103
DNA, Partition_12 = 507, 509, 510, 513, 515, 516, 904, 907, 910, 914, 919, 944, 947, 969, 1076, 1097, 1207, 1322, 1331, 1335, 1505, 1507, 1509, 1510, 1511, 1512, 1513, 1515, 1516, 1518, 1519, 1579, 1581, 1586, 1589, 1616, 1617, 1625, 1634, 1643, 1653, 1661, 1667, 1694, 1697, 1700, 1709, 1736, 1739, 1775, 1785, 1786, 1798, 1804, 1812, 1815, 1824, 1836, 1848, 1860, 1862, 1875, 1877, 1878, 1892, 1896, 1919, 1926, 1927, 1936, 1977, 1982, 1983, 1984, 1989, 2005, 2012, 2028, 2032, 2034, 2035, 2036, 2037, 2038, 2040, 2041, 2042, 2043, 2044, 2047, 2052, 2053, 2054, 2055, 2056, 2057, 2059, 2061, 2062, 2064, 2065, 2067, 2068, 2326, 2328, 2329, 2330, 2331, 2332, 2334, 2335, 2337, 2338, 2339, 2340, 2341, 2343, 2344, 2345, 2346, 2347, 2349, 2350, 2352, 2353, 2355, 2356, 2357, 2358, 2359, 2362, 2363, 2364, 2365, 2366, 2367, 2368, 2369, 2371, 2373, 2374, 2376, 2377, 2379, 2380, 2382, 2383, 2385, 2386, 2388, 2389, 2390, 2391, 2392, 2393, 2432, 2564, 2582, 2615, 2621, 2822, 2851, 2987, 2990, 3012, 3035, 3044, 3078, 3081, 3083, 3140, 3168, 3179, 3230, 3282, 3283, 3285, 3286, 3288, 3289, 3291, 3292, 3294, 3295, 3297, 3298, 3300, 3301, 3303, 3304, 3306, 3307, 3309, 3310, 3312, 3313, 3315, 3316, 3318, 3319, 3321, 3322, 3324, 3325, 3327, 3328, 3329, 3330, 3331, 3333, 3334, 3336, 3337, 3339, 3340, 3342, 3343, 3345, 3346, 3348, 3349, 3351, 3352, 3354, 3355, 3357, 3358, 3360, 3361, 3363, 3364, 3366, 3367, 3369, 3370, 3372, 3373, 3375, 3376, 3378, 3379, 3381, 3382, 3384, 3385, 3387, 3388, 3390, 3394, 3396, 3397, 3399, 3400, 3402, 3403, 3405, 3406, 3408, 3409, 3412, 3414, 3415, 3417, 3418, 3420, 3421, 3423, 3424, 3426, 3427, 3428, 3429, 3430, 3433, 3435, 3436, 3438, 5427, 5428, 5431, 5433, 5434, 5437, 5439, 5440, 5442, 5443, 5445, 5446, 5448, 5449, 5451, 5452, 5454, 5455, 5457, 5458, 5460, 5461, 5476, 5479, 5481, 5482, 5483, 5484, 5485, 5486, 5487, 5488, 5491, 5494, 5496, 5497, 5499, 5500, 5502, 5503, 5505, 5506, 5508, 5509, 5512, 5514, 5515, 5516, 5517, 5518, 5520, 5521, 5524, 5526, 5527, 5529, 5530, 5532, 5533, 5535, 5536, 5538, 5539, 5541, 5542, 5544, 5545, 5547, 5548, 5550, 5551, 5553, 5554, 5557, 5560, 5562, 5563, 5565, 5568, 5569, 5571, 5572, 5574, 5575, 5578, 5580, 5581, 5584, 5587, 5589, 5590, 5592, 5593, 5595, 5596, 5598, 5599, 5601, 5602, 5604, 5605, 5607, 5608, 5610, 5611, 5613, 5614, 5617, 5620, 5622, 5623, 5625, 5626, 5628, 5629, 5631, 5632, 5634, 5635, 5637, 5638, 5641, 5643, 5644, 5646, 5647, 5649, 5650, 5652, 5653, 5655, 5656, 5658, 5659, 5661, 5662, 5664, 5665, 5667, 5668, 5670, 5671, 5673, 5674, 5676, 5677, 5680, 5683, 5686, 5689, 5691, 5692, 5694, 5695, 5697, 5698, 5700, 5701, 5703, 5704, 5706, 5707, 5708, 5710, 5713, 5715, 5716, 5719, 5721, 5722, 5724, 5725, 5727, 5728, 5730, 5731, 5733, 5734, 5736, 5737, 5739, 5740, 5742, 5743, 5745, 5746, 5748, 5749, 5754, 5757, 5758, 5760, 5761, 5763, 5764, 5766, 5767, 5770, 5773, 5775, 5776, 5778, 5779, 5781, 5782, 5784, 5785, 5790, 5791, 5793, 5796, 5799, 5805, 5806, 5808, 5809, 5811, 5812, 5814, 5815, 5817, 5818, 5820, 5821, 5826, 5827, 5829, 5830, 5832, 5833, 5835, 5836, 5839, 5841, 5842, 5844, 5845, 5847, 5972, 5973, 5990, 6047, 6048, 6098, 6154, 6168
DNA, Partition_13 = 1, 2, 3, 4, 5, 6, 7, 8, 9, 10, 11, 12, 13, 14, 15, 16, 17, 18, 19, 20, 21, 23, 24, 25, 26, 27, 28, 29, 30, 32, 33, 34, 35, 36, 39, 40, 41, 42, 43, 44, 45, 47, 48, 49, 50, 51, 52, 53, 54, 55, 56, 57, 58, 59, 60, 452, 456, 458, 459, 462, 464, 467, 468, 471, 473, 474, 477, 480, 482, 483, 485, 486, 488, 489, 495, 497, 501, 506, 596, 597, 599, 600, 603, 614, 615, 616, 617, 618, 621, 623, 624, 626, 627, 629, 630, 632, 633, 635, 636, 639, 641, 642, 644, 645, 647, 648, 650, 651, 653, 654, 656, 657, 659, 660, 662, 663, 665, 666, 667, 668, 669, 671, 672, 674, 675, 678, 680, 681, 684, 689, 690, 693, 695, 699, 701, 707, 708, 710, 714, 716, 717, 719, 720, 721, 723, 725, 726, 728, 729, 731, 732, 734, 735, 737, 738, 740, 741, 743, 744, 746, 747, 749, 750, 752, 753, 755, 756, 758, 759, 761, 762, 763, 765, 768, 771, 774, 776, 777, 779, 780, 782, 783, 785, 786, 788, 789, 791, 792, 794, 795, 797, 798, 801, 803, 804, 806, 807, 808, 809, 810, 812, 813, 815, 816, 818, 819, 824, 825, 830, 831, 836, 837, 840, 843, 846, 848, 849, 853, 855, 856, 857, 858, 859, 860, 861, 862, 863, 864, 865, 866, 867, 868, 869, 870, 871, 874, 876, 877, 878, 879, 880, 881, 882, 883, 885, 886, 887, 888, 889, 891, 892, 893, 894, 895, 897, 898, 901, 902, 903, 911, 927, 931, 936, 937, 939, 940, 942, 951, 953, 956, 960, 962, 965, 968, 974, 986, 989, 992, 995, 1004, 1010, 1016, 1022, 1028, 1034, 1037, 1043, 1061, 1067, 1068, 1069, 1077, 1079, 1085, 1212, 1236, 1244, 1256, 1295, 1298, 1337, 1347, 1355, 1356, 1421, 1445, 1448, 1463, 1514, 1578, 1583, 1611, 1612, 1614, 1635, 1637, 1640, 1650, 1676, 1743, 1757, 1763, 1791, 1807, 1827, 1829, 1842, 1844, 1851, 1874, 1895, 1898, 1900, 1907, 1940, 1952, 1964, 1965, 1970, 1985, 1988, 2000, 2003, 2018, 2021, 2023, 2027, 2033, 2045, 2046, 2048, 2069, 2070, 2327, 2333, 2336, 2342, 2348, 2351, 2354, 2360, 2361, 2370, 2372, 2375, 2378, 2381, 2384, 2387, 2394, 2395, 2397, 2398, 2657, 2777, 2870, 2922, 2945, 3068, 3082, 3116, 3176, 3178, 3242, 3338, 3391, 3392, 5298, 5299, 5302, 5304, 5305, 5308, 5310, 5313, 5314, 5316, 5317, 5319, 5320, 5321, 5326, 5328, 5332, 5334, 5337, 5338, 5340, 5343, 5344, 5346, 5347, 5349, 5350, 5351, 5352, 5353, 5356, 5358, 5359, 5361, 5362, 5364, 5365, 5367, 5368, 5370, 5371, 5373, 5374, 5376, 5377, 5379, 5380, 5382, 5383, 5385, 5386, 5389, 5391, 5392, 5394, 5398, 5401, 5403, 5404, 5406, 5407, 5409, 5410, 5412, 5413, 5415, 5416, 5418, 5419, 5421, 5422, 5424, 5425, 5436, 5463, 5464, 5467, 5469, 5470, 5472, 5473, 5475, 5490, 5493, 5546, 5564, 5566, 5583, 5619, 5621, 5640, 5679, 5682, 5685, 5688, 5696, 5718, 5751, 5752, 5755, 5768, 5769, 5772, 5787, 5788, 5794, 5797, 5800, 5802, 5803, 5823, 5824, 5846, 5967, 5970, 5991, 5993, 6002, 6005, 6026, 6033, 6132, 6167, 6170, 6222, 6224, 6226
DNA, Partition_14 = 22, 31, 46, 62, 63, 64, 65, 450, 453, 455, 465, 494, 498, 500, 504, 602, 605, 606, 608, 609, 640, 658, 686, 687, 692, 698, 700, 702, 712, 748, 767, 770, 787, 800, 822, 828, 839, 842, 851, 852, 854, 872, 873, 875, 884, 890, 896, 899, 900, 905, 906, 908, 909, 917, 920, 929, 938, 941, 950, 971, 977, 980, 983, 1007, 1013, 1019, 1031, 1040, 1047, 1049, 1050, 1055, 1056, 1058, 1062, 1064, 1073, 1082, 1100, 1148, 1178, 1190, 1197, 1208, 1218, 1220, 1235, 1241, 1247, 1257, 1259, 1280, 1292, 1310, 1313, 1319, 1320, 1324, 1325, 1329, 1382, 1446, 1451, 1503, 1517, 1577, 1607, 1628, 1652, 1658, 1682, 1703, 1715, 1751, 1766, 1773, 1787, 1799, 1802, 1832, 1835, 1841, 1880, 1955, 1961, 1971, 1979, 2010, 2013, 2024, 2026, 2029, 2030, 2031, 2039, 2049, 2050, 2058, 2060, 2071, 2072, 2073, 2074, 2076, 2077, 2078, 2079, 2080, 2082, 2083, 2085, 2086, 2087, 2088, 2089, 2090, 2091, 2092, 2093, 2094, 2095, 2096, 2097, 2098, 2100, 2101, 2102, 2103, 2104, 2106, 2107, 2109, 2110, 2112, 2113, 2114, 2115, 2116, 2118, 2119, 2121, 2122, 2124, 2125, 2127, 2128, 2130, 2131, 2133, 2134, 2136, 2137, 2142, 2146, 2148, 2149, 2151, 2152, 2153, 2154, 2155, 2156, 2158, 2161, 2163, 2164, 2166, 2167, 2170, 2172, 2173, 2175, 2176, 2178, 2179, 2181, 2182, 2184, 2185, 2188, 2191, 2196, 2197, 2199, 2200, 2203, 2205, 2206, 2208, 2209, 2211, 2212, 2214, 2215, 2218, 2220, 2221, 2222, 2223, 2224, 2226, 2227, 2229, 2230, 2232, 2233, 2235, 2241, 2245, 2251, 2253, 2257, 2260, 2262, 2263, 2265, 2266, 2269, 2271, 2272, 2274, 2275, 2277, 2278, 2280, 2281, 2283, 2284, 2286, 2289, 2290, 2291, 2298, 2299, 2301, 2302, 2307, 2308, 2310, 2311, 2313, 2314, 2319, 2322, 2323, 2396, 2399, 2555, 2591, 2624, 2627, 2861, 2919, 2997, 3071, 3173, 3237, 3323, 3335, 3359, 3371, 3437, 4156, 4157, 4158, 4159, 4162, 4164, 4167, 4168, 4170, 4171, 4172, 4173, 4174, 4176, 4177, 4179, 4180, 4182, 4186, 4189, 4191, 4192, 4195, 4197, 4198, 4200, 4201, 4203, 4204, 4206, 4207, 4209, 4210, 4212, 4213, 4216, 4218, 4219, 4221, 4222, 4224, 4225, 4227, 4228, 4230, 4231, 4233, 4234, 4236, 4237, 4239, 4240, 4242, 4243, 4245, 4246, 4247, 4248, 4249, 4251, 4252, 4254, 4255, 4257, 4258, 4260, 4261, 4263, 4264, 4266, 4267, 4269, 4270, 4272, 4273, 4275, 4276, 4278, 4279, 4281, 4282, 4284, 4285, 4288, 4290, 4291, 4293, 4294, 4296, 4297, 4299, 4300, 4302, 4303, 4306, 4308, 4309, 4311, 4312, 4314, 4315, 4316, 4317, 4318, 4319, 4320, 4321, 4323, 4324, 4326, 4327, 4329, 4330, 4332, 4333, 4335, 4336, 4338, 4339, 4341, 4342, 4343, 4344, 4345, 4347, 4348, 4351, 4353, 4354, 4356, 4357, 4359, 4360, 4363, 4365, 4366, 4369, 4371, 5251, 5252, 5254, 5255, 5256, 5257, 5260, 5262, 5263, 5271, 5272, 5277, 5278, 5280, 5286, 5287, 5301, 5306, 5311, 5315, 5322, 5323, 5325, 5329, 5331, 5335, 5381, 5400, 5417, 5441, 5498, 5511, 5639, 5648, 5657, 5660, 5709, 5946, 5954, 5955, 5960, 5961, 5964, 5987, 6009, 6014, 6024, 6074, 6116, 6125, 6149, 6161, 6188, 6210, 6228
DNA, Partition_15 = 61, 449, 470, 481, 491, 593, 649, 664, 683, 688, 696, 781, 821, 932, 935, 1052, 1070, 1109, 1130, 1131, 1132, 1142, 1152, 1163, 1166, 1169, 1184, 1211, 1217, 1224, 1327, 1328, 1332, 1340, 1352, 1362, 1373, 1380, 1415, 1433, 1439, 1460, 1475, 1490, 1508, 1521, 1524, 1542, 1543, 1548, 1549, 1551, 1552, 1554, 1555, 1557, 1558, 1561, 1563, 1564, 1566, 1567, 1569, 1570, 1572, 1573, 1575, 1576, 1592, 1598, 1619, 1631, 1647, 1649, 1655, 1670, 1673, 1712, 1718, 1781, 1784, 1790, 1805, 1814, 1818, 1820, 1847, 1856, 1859, 1868, 1871, 1883, 1901, 1902, 1910, 1913, 1916, 1931, 1937, 1944, 1946, 1958, 1967, 1973, 1976, 1994, 1998, 2006, 2009, 2014, 2016, 2022, 2051, 2063, 2066, 2075, 2081, 2084, 2099, 2105, 2108, 2111, 2117, 2120, 2123, 2126, 2129, 2132, 2138, 2139, 2140, 2141, 2143, 2144, 2157, 2160, 2169, 2171, 2180, 2183, 2187, 2189, 2190, 2192, 2193, 2194, 2198, 2201, 2202, 2204, 2207, 2210, 2213, 2216, 2217, 2219, 2225, 2228, 2231, 2234, 2236, 2237, 2238, 2239, 2240, 2242, 2244, 2246, 2247, 2248, 2250, 2252, 2254, 2256, 2259, 2261, 2264, 2267, 2268, 2270, 2282, 2285, 2287, 2292, 2294, 2296, 2305, 2309, 2312, 2316, 2317, 2318, 2320, 2321, 2324, 2325, 2483, 2507, 2516, 2756, 2831, 2876, 2915, 2924, 2954, 2994, 3015, 3041, 3053, 3074, 3077, 3089, 3113, 3143, 3167, 3284, 3293, 3296, 3350, 3356, 3395, 3411, 3425, 3432, 4160, 4161, 4163, 4165, 4166, 4169, 4175, 4178, 4181, 4183, 4184, 4185, 4187, 4188, 4190, 4193, 4194, 4196, 4199, 4202, 4208, 4215, 4220, 4223, 4229, 4241, 4262, 4280, 4287, 4289, 4295, 4298, 4305, 4310, 4313, 4331, 4350, 4362, 4368, 4372, 4373, 4374, 4375, 4377, 4378, 4380, 4381, 4383, 4384, 4386, 4387, 4389, 4390, 4392, 4393, 4395, 4396, 4398, 4399, 4401, 4402, 4404, 4405, 4407, 4408, 4410, 4411, 4413, 4414, 4415, 4416, 4417, 4419, 4420, 4422, 4423, 4425, 4426, 4428, 4429, 4431, 4432, 4434, 4435, 4437, 4438, 4440, 4441, 4443, 4444, 4446, 4447, 4449, 4450, 4452, 4453, 4455, 4456, 4458, 4459, 4461, 4462, 4464, 4465, 4467, 4468, 4470, 4471, 4473, 4474, 4476, 4477, 4479, 4480, 4482, 4483, 4486, 4488, 4490, 4491, 4492, 4494, 4498, 4500, 4501, 4504, 4507, 4509, 4510, 4512, 4513, 4515, 4516, 4524, 4525, 4530, 4531, 4533, 4534, 4536, 4540, 4549, 5249, 5253, 5259, 5268, 5275, 5318, 5324, 5355, 5397, 5429, 5438, 5447, 5504, 5556, 5642, 5666, 5669, 5720, 5723, 5804, 5837, 5843, 5898, 5901, 5907, 5909, 5912, 5913, 5916, 5918, 5919, 5921, 5922, 5924, 5925, 5927, 5928, 5930, 5931, 5934, 5936, 5937, 5939, 5940, 5941, 5945, 5948, 5949, 5952, 5966, 5969, 5980, 5994, 6032, 6040, 6122, 6131, 6212, 6218, 6227
DNA, Partition_16 = 457, 661, 705, 790, 814, 850, 1091, 1113, 1121, 1128, 1137, 1139, 1151, 1172, 1175, 1193, 1205, 1251, 1278, 1283, 1304, 1349, 1350, 1370, 1376, 1383, 1389, 1398, 1407, 1409, 1424, 1428, 1430, 1431, 1442, 1466, 1481, 1484, 1491, 1502, 1522, 1527, 1529, 1530, 1531, 1533, 1534, 1536, 1537, 1538, 1540, 1544, 1546, 1553, 1556, 1560, 1562, 1571, 1604, 1685, 1688, 1706, 1721, 1724, 1730, 1742, 1769, 1778, 1782, 1793, 1811, 1826, 1838, 1850, 1853, 1865, 1886, 1904, 1934, 1943, 1949, 1997, 2015, 2135, 2145, 2147, 2150, 2159, 2162, 2165, 2168, 2174, 2177, 2186, 2195, 2243, 2249, 2255, 2258, 2273, 2276, 2279, 2288, 2293, 2295, 2297, 2300, 2303, 2304, 2306, 2783, 2792, 2906, 2969, 3005, 3038, 3101, 3182, 3188, 3264, 3269, 3305, 3311, 3347, 3393, 3407, 3410, 3416, 3439, 3442, 3445, 3447, 3448, 3453, 3456, 3459, 4205, 4214, 4217, 4226, 4232, 4238, 4244, 4253, 4256, 4259, 4265, 4271, 4274, 4277, 4283, 4286, 4292, 4301, 4304, 4307, 4322, 4325, 4352, 4367, 4439, 4463, 4475, 4485, 4489, 4495, 4518, 4519, 4521, 4522, 4528, 4537, 4539, 4543, 4545, 4546, 4548, 4826, 4828, 4831, 4832, 4834, 4835, 4837, 4838, 4840, 4841, 4842, 4843, 4844, 4847, 4849, 4852, 4853, 4855, 4856, 4858, 4859, 4862, 4864, 4865, 4868, 5002, 5003, 5005, 5006, 5008, 5009, 5011, 5012, 5014, 5015, 5020, 5021, 5024, 5026, 5027, 5029, 5030, 5032, 5033, 5035, 5036, 5041, 5042, 5044, 5045, 5047, 5048, 5050, 5051, 5054, 5057, 5060, 5261, 5264, 5267, 5281, 5300, 5480, 5594, 5624, 5645, 5663, 5726, 5747, 5849, 5850, 5862, 5867, 5868, 5869, 5870, 5871, 5872, 5874, 5877, 5879, 5880, 5882, 5883, 5885, 5886, 5888, 5892, 5895, 5897, 5900, 5904, 5910, 5915, 5923, 5943, 5944, 5971, 6008, 6013, 6020, 6028, 6056, 6082, 6178
DNA, Partition_17 = 844, 1088, 1106, 1115, 1116, 1118, 1124, 1127, 1133, 1134, 1136, 1145, 1154, 1157, 1202, 1214, 1223, 1226, 1229, 1232, 1253, 1262, 1265, 1274, 1286, 1301, 1358, 1367, 1379, 1385, 1386, 1388, 1392, 1394, 1397, 1400, 1403, 1406, 1418, 1436, 1454, 1457, 1469, 1472, 1478, 1487, 1493, 1496, 1523, 1525, 1526, 1528, 1532, 1535, 1539, 1541, 1545, 1547, 1559, 1565, 1568, 1574, 1580, 1610, 1613, 1646, 1664, 1691, 1727, 1745, 1748, 1754, 1808, 1889, 1922, 1925, 1928, 2315, 2429, 2447, 2450, 2492, 2600, 2849, 3014, 3272, 3287, 3431, 3441, 3454, 3462, 4211, 4235, 4250, 4268, 4334, 4337, 4340, 4346, 4349, 4370, 4382, 4385, 4388, 4394, 4433, 4448, 4454, 4457, 4496, 4497, 4503, 4527, 4529, 4538, 4541, 4542, 4551, 4552, 4557, 4558, 4560, 4561, 4564, 4566, 4567, 4569, 4570, 4572, 4573, 4576, 4578, 4581, 4582, 4583, 4584, 4587, 4588, 4590, 4591, 4593, 4594, 4596, 4599, 4600, 4603, 4606, 4608, 4609, 4611, 4612, 4614, 4615, 4617, 4618, 4621, 4623, 4624, 4627, 4630, 4632, 4639, 4641, 4648, 4650, 4651, 4653, 4654, 4657, 4659, 4660, 4663, 4665, 4668, 4669, 4671, 4674, 4675, 4677, 4678, 4680, 4681, 4684, 4686, 4687, 4689, 4690, 4692, 4693, 4695, 4696, 4698, 4699, 4701, 4702, 4704, 4705, 4708, 4710, 4711, 4713, 4714, 4716, 4717, 4718, 4719, 4720, 4722, 4723, 4725, 4726, 4728, 4729, 4731, 4732, 4740, 4741, 4743, 4744, 4750, 4752, 4755, 4756, 4761, 4762, 4764, 4765, 4767, 4768, 4770, 4771, 4772, 4773, 4774, 4825, 4829, 4830, 4833, 4836, 4845, 4846, 4850, 4854, 4857, 4861, 4866, 4867, 5017, 5018, 5038, 5039, 5046, 5059, 5065, 5066, 5068, 5069, 5071, 5072, 5074, 5075, 5077, 5078, 5080, 5081, 5083, 5084, 5086, 5087, 5092, 5093, 5095, 5096, 5098, 5099, 5101, 5102, 5104, 5105, 5107, 5108, 5110, 5111, 5113, 5114, 5116, 5117, 5119, 5122, 5125, 5126, 5128, 5129, 5131, 5132, 5135, 5137, 5138, 5140, 5141, 5142, 5143, 5144, 5147, 5150, 5152, 5153, 5155, 5156, 5158, 5159, 5162, 5167, 5168, 5171, 5173, 5174, 5177, 5179, 5180, 5185, 5186, 5189, 5191, 5192, 5194, 5195, 5200, 5201, 5206, 5207, 5210, 5212, 5215, 5216, 5217, 5218, 5219, 5222, 5224, 5225, 5227, 5228, 5229, 5230, 5609, 5756, 5851, 5852, 5853, 5855, 5856, 5858, 5859, 5860, 5861, 5864, 5865, 5873, 5875, 5876, 5887, 5889, 5894, 5933, 5956, 5996, 5999, 6031, 6052, 6088, 6106, 6142, 6157, 6184, 6214, 6217, 6238
DNA, Partition_18 = 1187, 1196, 1199, 1250, 1271, 1334, 1364, 1391, 1412, 1550, 2519, 2597, 2723, 2843, 2888, 2963, 3011, 3017, 3080, 3344, 3450, 3451, 3463, 3464, 4328, 4376, 4391, 4400, 4409, 4412, 4418, 4424, 4442, 4460, 4472, 4484, 4502, 4506, 4517, 4520, 4523, 4544, 4554, 4585, 4602, 4626, 4629, 4636, 4645, 4647, 4666, 4672, 4683, 4707, 4734, 4737, 4738, 4747, 4758, 4776, 4777, 4779, 4780, 4783, 4786, 4788, 4789, 4791, 4792, 4794, 4795, 4797, 4798, 4799, 4800, 4801, 4803, 4804, 4806, 4807, 4809, 4810, 4812, 4813, 4814, 4815, 4816, 4818, 4819, 4821, 4822, 4824, 4827, 4839, 4848, 4851, 4860, 4863, 5004, 5007, 5010, 5052, 5056, 5062, 5063, 5090, 5120, 5123, 5146, 5164, 5182, 5183, 5204, 5209, 5213, 5857, 5866, 5878, 5881, 5884, 5890, 5891, 5903, 5906, 5911, 5914, 5917, 5920, 5938, 5942, 5950, 5951, 5957, 5958, 5962, 5974, 5975, 5983, 5995, 6019, 6022, 6025, 6029, 6043, 6055, 6076, 6085, 6089, 6124, 6145, 6160, 6187, 6199, 6211, 6247
DNA, Partition_19 = 1520, 2534, 2699, 2720, 2979, 3200, 3203, 3233, 3239, 3326, 3443, 3460, 3592, 3598, 3599, 3602, 3604, 3605, 3608, 3613, 3616, 3617, 3619, 3620, 3622, 3623, 3625, 3626, 3628, 3629, 3631, 3632, 3634, 3635, 3637, 3638, 3640, 3641, 3643, 3644, 3646, 3647, 3649, 3650, 3652, 3653, 3655, 3656, 3658, 3659, 3661, 3662, 3664, 3665, 3667, 3668, 3671, 3674, 3679, 3680, 3682, 3683, 3685, 3686, 3688, 3689, 3692, 3694, 3695, 3697, 3698, 3701, 3703, 3704, 3705, 3706, 3707, 3709, 3710, 3712, 3713, 3715, 3716, 3718, 3719, 3721, 3722, 3724, 3725, 3727, 3728, 3730, 3731, 3733, 3734, 3736, 3737, 3739, 3742, 3743, 3746, 3748, 3749, 3751, 3752, 3754, 3755, 3758, 3760, 3761, 3764, 3766, 3767, 3768, 3770, 3772, 3773, 3775, 3776, 3778, 3779, 3781, 3782, 3784, 3785, 3787, 3788, 3790, 3791, 3793, 3794, 3796, 3797, 3799, 3800, 3802, 3803, 3805, 3806, 3809, 3811, 3812, 3814, 3815, 3817, 3818, 3820, 3821, 3824, 3826, 3827, 3829, 3830, 3832, 3833, 3835, 3836, 3838, 3839, 3841, 3842, 3844, 3845, 3848, 3851, 3853, 3854, 3857, 3859, 3860, 3863, 3865, 3866, 3868, 3869, 3871, 3872, 3873, 3874, 3875, 3877, 3878, 3881, 3883, 3884, 3886, 3887, 3889, 3893, 3895, 4355, 4358, 4361, 4364, 4397, 4403, 4406, 4421, 4427, 4436, 4445, 4451, 4466, 4469, 4481, 4487, 4499, 4505, 4508, 4511, 4514, 4526, 4535, 4547, 4579, 4597, 4620, 4635, 4638, 4644, 4697, 4721, 4754, 4759, 4775, 4782, 4869, 5013, 5019, 5023, 5031, 5043, 5053, 5094, 5106, 5134, 5157, 5165, 5169, 5170, 5203, 5208, 5221, 5848, 5854, 5863, 5893, 5896, 5899, 5902, 5905, 5908, 5926, 5932, 5963, 5965, 5977, 5998, 6004, 6016, 6034, 6037, 6049, 6065, 6066, 6070, 6073, 6083, 6109, 6115, 6127, 6133, 6166, 6196, 6235
DNA, Partition_20 = 546, 548, 549, 551, 552, 554, 555, 558, 560, 561, 564, 566, 567, 569, 570, 572, 573, 575, 584, 585, 587, 588, 591, 713, 2431, 2903, 2996, 3086, 3098, 3146, 3161, 3222, 3353, 3365, 3377, 3386, 3559, 3560, 3563, 3565, 3566, 3568, 3569, 3570, 3571, 3572, 3574, 3575, 3577, 3578, 3580, 3581, 3583, 3584, 3586, 3587, 3589, 3593, 3607, 3614, 3677, 3700, 3740, 3745, 3757, 3823, 3837, 3847, 3850, 3856, 3879, 3890, 3896, 3898, 3899, 3901, 3902, 3904, 3905, 3907, 3908, 3910, 3911, 3914, 3916, 3917, 3919, 3922, 3923, 3926, 3928, 3929, 3931, 3932, 3935, 3937, 3938, 3943, 3944, 3946, 3947, 3949, 3952, 3953, 3955, 3956, 3961, 3962, 3965, 3967, 3968, 3970, 3973, 3974, 3977, 3979, 3982, 3983, 3985, 3986, 3989, 3991, 3992, 3994, 3995, 3997, 3998, 4001, 4003, 4379, 4430, 4478, 4493, 4532, 4550, 4555, 4563, 4634, 4642, 4724, 4730, 4742, 4745, 4749, 4751, 4757, 4760, 4790, 4793, 4808, 4892, 4894, 4897, 4898, 4903, 4904, 4906, 4907, 4909, 4910, 4912, 4915, 4916, 4918, 4919, 4931, 4934, 4936, 4937, 4939, 4940, 4942, 4943, 4945, 4946, 4947, 4948, 4949, 4952, 5028, 5061, 5085, 5127, 5149, 5176, 5197, 5341, 5388, 5586, 5633, 5777, 5929, 5935, 5947, 5953, 5959, 5968, 5986, 5989, 5992, 6001, 6010, 6046, 6061, 6130, 6139, 6181, 6205, 6220
DNA, Partition_21 = 440, 443, 444, 447, 518, 519, 521, 522, 524, 525, 527, 528, 530, 531, 533, 534, 536, 537, 538, 539, 540, 542, 543, 711, 764, 2423, 2513, 2549, 2573, 2633, 2729, 2981, 3002, 3137, 3152, 3185, 3197, 3245, 3320, 3413, 3444, 3449, 3539, 3541, 3542, 3544, 3545, 3547, 3548, 3550, 3551, 3553, 3554, 3556, 3557, 3562, 3588, 3590, 3673, 3676, 3690, 3769, 3813, 3862, 3867, 3920, 3976, 4006, 4007, 4009, 4010, 4012, 4013, 4015, 4016, 4018, 4021, 4022, 4024, 4025, 4027, 4028, 4033, 4034, 4036, 4037, 4040, 4042, 4043, 4045, 4046, 4051, 4052, 4055, 4057, 4058, 4060, 4061, 4063, 4064, 4066, 4067, 4069, 4070, 4072, 4073, 4076, 4078, 4079, 4081, 4082, 4084, 4085, 4088, 4090, 4093, 4094, 4097, 4098, 4099, 4100, 4102, 4103, 4105, 4106, 4109, 4111, 4112, 4114, 4117, 4118, 4119, 4121, 4123, 4124, 4126, 4127, 4129, 4130, 4132, 4133, 4135, 4136, 4138, 4139, 4141, 4142, 4144, 4146, 4147, 4148, 4150, 4154, 4574, 4595, 4604, 4613, 4631, 4633, 4649, 4688, 4694, 4735, 4746, 4753, 4769, 4778, 4785, 4796, 4817, 4891, 4895, 4900, 4901, 4913, 4917, 4921, 4922, 4924, 4925, 4930, 4954, 4958, 4960, 4961, 4963, 4964, 4965, 4966, 4967, 4970, 4972, 4973, 4975, 4976, 4979, 5016, 5022, 5025, 5034, 5037, 5049, 5055, 5064, 5070, 5073, 5089, 5133, 5161, 5187, 5188, 5226, 5289, 5290, 5293, 5295, 5523, 5828, 5834, 6007, 6058, 6094, 6097, 6119, 6169, 6202, 6208, 6229, 6244
DNA, Partition_22 = 437, 441, 581, 594, 638, 670, 827, 2444, 2543, 2787, 2793, 2889, 3221, 3257, 3263, 3317, 3332, 3374, 3380, 3404, 3457, 3536, 3538, 3582, 3670, 3687, 3771, 3774, 3780, 3792, 3801, 3940, 3950, 3958, 3959, 4019, 4020, 4031, 4054, 4075, 4087, 4091, 4096, 4108, 4115, 4116, 4120, 4140, 4145, 4151, 4153, 4559, 4580, 4605, 4646, 4652, 4656, 4661, 4662, 4664, 4667, 4682, 4706, 4709, 4712, 4733, 4763, 4781, 4811, 4823, 4871, 4876, 4877, 4879, 4888, 4889, 4911, 4923, 4928, 4933, 4978, 4982, 4984, 4985, 4987, 4988, 4990, 4991, 4992, 4993, 4994, 4997, 4999, 5000, 5040, 5058, 5097, 5103, 5136, 5160, 5163, 5175, 5205, 5214, 5292, 5296, 5513, 5577, 5741, 6064, 6067, 6079, 6121, 6136, 6148, 6151, 6163, 6172, 6175, 6190, 6241
DNA, Partition_23 = 438, 611, 2426, 2558, 2645, 2675, 2801, 2909, 2916, 3175, 3212, 3518, 3520, 3521, 3523, 3524, 3526, 3532, 3533, 3601, 3603, 3681, 3699, 3795, 3892, 3934, 3969, 3971, 3980, 4000, 4095, 4128, 4149, 4556, 4586, 4610, 4619, 4640, 4673, 4691, 4700, 4703, 4727, 4736, 4739, 4748, 4766, 4784, 4802, 4805, 4820, 4870, 4880, 4883, 4885, 4886, 4905, 4951, 4957, 4996, 5079, 5112, 5121, 5124, 5130, 5154, 5178, 5181, 5190, 5198, 5199, 5220, 5223, 5248, 5284, 5333, 5393, 5466, 5582, 5616, 5744, 6091, 6100, 6223
DNA, Partition_24 = 176, 177, 179, 180, 182, 183, 186, 189, 198, 201, 204, 209, 210, 213, 218, 219, 221, 222, 224, 225, 227, 228, 230, 231, 234, 236, 237, 238, 239, 240, 243, 246, 248, 251, 252, 254, 255, 258, 269, 270, 276, 285, 287, 288, 294, 296, 297, 299, 300, 302, 303, 305, 306, 311, 312, 313, 314, 315, 318, 323, 324, 327, 330, 332, 333, 336, 338, 339, 342, 344, 345, 347, 348, 357, 359, 360, 366, 380, 381, 390, 396, 405, 407, 408, 411, 413, 414, 416, 417, 419, 420, 422, 423, 425, 426, 428, 429, 431, 432, 435, 479, 727, 784, 826, 2408, 2588, 2639, 2660, 2882, 2891, 2951, 2993, 3023, 3104, 3191, 3194, 3290, 3368, 3383, 3452, 3508, 3511, 3512, 3515, 3517, 3527, 3529, 3530, 3535, 3555, 3611, 3636, 3645, 3696, 3729, 3747, 3880, 3941, 4030, 4131, 4568, 4575, 4577, 4589, 4607, 4628, 4643, 4676, 4679, 4715, 4873, 4902, 4908, 4927, 4932, 4935, 5067, 5088, 5109, 5118, 5139, 5145, 5172, 5247, 5270, 5283, 5426, 5432, 5435, 5478, 5492, 5573, 5672, 5717, 5759, 5780, 6118
DNA, Partition_25 = 173, 174, 197, 249, 260, 321, 375, 404, 421, 451, 484, 512, 576, 578, 592, 703, 2579, 2630, 2684, 2774, 2846, 2865, 2879, 3281, 3314, 3506, 3595, 3610, 3675, 3691, 3925, 3963, 3964, 4039, 4049, 4080, 4113, 4125, 4155, 4553, 4562, 4565, 4598, 4622, 4637, 4655, 4658, 4670, 4787, 4882, 4890, 4893, 5091, 5115, 5148, 5151, 5184, 5193, 5196, 5202, 5211, 5250, 5339, 5395, 5411, 5543, 5789, 5816, 6232
DNA, Partition_26 = 137, 138, 140, 141, 143, 147, 152, 153, 154, 155, 156, 158, 159, 161, 162, 164, 165, 168, 170, 171, 195, 200, 203, 267, 279, 301, 374, 378, 503, 545, 557, 562, 574, 579, 589, 773, 796, 834, 2405, 2453, 2798, 2925, 2942, 3062, 3092, 3164, 3224, 3299, 3419, 3466, 3472, 3473, 3476, 3478, 3479, 3481, 3482, 3484, 3485, 3488, 3491, 3493, 3499, 3500, 3502, 3503, 3505, 3531, 3612, 3621, 3654, 3660, 3678, 3684, 3693, 3708, 3720, 3738, 3808, 3876, 3882, 3906, 3942, 3948, 4023, 4035, 4065, 4068, 4571, 4616, 4625, 4874, 4914, 4926, 5076, 5082, 5100, 5166, 5265, 5269, 5348, 5396, 5456, 5528, 5534, 5798, 5801
DNA, Partition_27 = 66, 68, 71, 72, 74, 75, 77, 78, 80, 81, 83, 84, 85, 86, 87, 89, 90, 92, 93, 95, 96, 98, 99, 101, 102, 104, 105, 106, 110, 111, 113, 114, 117, 122, 123, 125, 126, 128, 129, 131, 132, 134, 135, 185, 191, 206, 207, 242, 263, 272, 273, 281, 282, 289, 308, 335, 371, 372, 373, 492, 505, 514, 535, 590, 722, 730, 754, 799, 2510, 2636, 2672, 2747, 2873, 3278, 3308, 3422, 3440, 3487, 3496, 3514, 3561, 3573, 3639, 3666, 3783, 3828, 3888, 3897, 4092, 4101, 4134, 4601, 4685, 4929, 4968, 5242, 5282, 5307, 5430, 5444, 5450, 5507, 5570, 5576, 5714, 5783, 5825, 5838
DNA, Partition_28 = 108, 150, 208, 266, 290, 291, 292, 329, 356, 365, 395, 398, 412, 433, 487, 511, 517, 556, 559, 563, 739, 833, 2430, 2552, 2603, 2804, 2810, 2834, 2837, 2858, 2885, 3059, 3095, 3110, 3134, 3155, 3251, 3266, 3389, 3458, 3469, 3470, 3475, 3497, 3596, 3606, 3789, 3825, 3846, 3861, 3957, 3978, 3993, 4004, 4008, 4032, 4038, 4044, 4062, 4086, 4152, 4592, 4872, 4953, 4955, 4956, 4969, 4977, 5239, 5366, 5501, 5585, 5699, 5702, 5729, 5735, 5753, 5765, 5771, 5810, 5831
DNA, Partition_29 = 69, 91, 107, 116, 124, 136, 139, 144, 149, 163, 196, 212, 215, 216, 232, 233, 261, 262, 317, 334, 341, 363, 368, 384, 409, 427, 439, 454, 460, 520, 586, 598, 607, 677, 691, 704, 760, 766, 811, 845, 2435, 2456, 2462, 2528, 2537, 2609, 2696, 2867, 2900, 2918, 3029, 3248, 3398, 3434, 3477, 3615, 3648, 3753, 3763, 3912, 3960, 4041, 4048, 4875, 4878, 4887, 4896, 4899, 4950, 4959, 5240, 5245, 5360, 5378, 5384, 5387, 5405, 5462, 5537, 5559, 5732, 5750
DNA, Partition_30 = 67, 70, 73, 76, 79, 82, 88, 94, 97, 100, 103, 109, 112, 115, 118, 119, 120, 121, 127, 130, 133, 142, 145, 146, 148, 151, 157, 160, 166, 167, 169, 172, 175, 178, 181, 184, 187, 188, 190, 192, 193, 194, 199, 202, 205, 211, 214, 217, 220, 223, 226, 229, 235, 241, 244, 245, 247, 250, 253, 256, 257, 259, 264, 265, 268, 271, 274, 275, 277, 278, 280, 283, 284, 286, 293, 295, 298, 304, 307, 309, 310, 316, 319, 320, 322, 325, 326, 328, 331, 337, 340, 343, 346, 349, 350, 351, 352, 353, 354, 355, 358, 361, 362, 364, 367, 369, 370, 376, 377, 379, 382, 383, 385, 386, 387, 388, 389, 391, 392, 393, 394, 397, 399, 400, 401, 402, 403, 406, 410, 415, 418, 424, 430, 434, 436, 442, 445, 446, 448, 461, 463, 466, 469, 472, 475, 476, 478, 490, 493, 496, 499, 502, 508, 523, 526, 529, 532, 541, 544, 547, 550, 553, 565, 568, 571, 577, 580, 582, 583, 595, 601, 604, 610, 612, 613, 619, 620, 622, 625, 628, 631, 634, 637, 643, 646, 652, 655, 673, 676, 679, 682, 685, 694, 697, 706, 709, 715, 718, 724, 733, 736, 742, 745, 751, 757, 769, 772, 775, 778, 793, 802, 805, 817, 820, 823, 829, 832, 835, 838, 841, 847, 2402, 2414, 2441, 2459, 2465, 2495, 2501, 2504, 2522, 2525, 2531, 2567, 2576, 2594, 2612, 2654, 2663, 2666, 2678, 2705, 2708, 2711, 2717, 2726, 2744, 2768, 2826, 2827, 2828, 2840, 2855, 2894, 2897, 2921, 2927, 2930, 2933, 2936, 2939, 2972, 2975, 2984, 2999, 3020, 3026, 3032, 3050, 3056, 3107, 3119, 3128, 3131, 3158, 3170, 3206, 3209, 3215, 3236, 3260, 3302, 3341, 3362, 3401, 3446, 3455, 3461, 3465, 3467, 3468, 3471, 3474, 3480, 3483, 3486, 3489, 3490, 3492, 3494, 3495, 3498, 3501, 3504, 3507, 3509, 3510, 3513, 3516, 3519, 3522, 3525, 3528, 3534, 3537, 3540, 3543, 3546, 3549, 3552, 3558, 3564, 3567, 3576, 3579, 3585, 3591, 3594, 3597, 3600, 3609, 3618, 3624, 3627, 3630, 3633, 3642, 3651, 3657, 3663, 3669, 3672, 3702, 3711, 3714, 3717, 3723, 3726, 3732, 3735, 3741, 3744, 3750, 3756, 3759, 3762, 3765, 3777, 3786, 3798, 3804, 3807, 3810, 3816, 3819, 3822, 3831, 3834, 3840, 3843, 3849, 3852, 3855, 3858, 3864, 3870, 3885, 3891, 3894, 3900, 3903, 3909, 3913, 3915, 3918, 3921, 3924, 3927, 3930, 3933, 3936, 3939, 3945, 3951, 3954, 3966, 3972, 3975, 3981, 3984, 3987, 3988, 3990, 3996, 3999, 4002, 4005, 4011, 4014, 4017, 4026, 4029, 4047, 4050, 4053, 4056, 4059, 4071, 4074, 4077, 4083, 4089, 4104, 4107, 4110, 4122, 4137, 4143, 4881, 4884, 4920, 4938, 4941, 4944, 4962, 4971, 4974, 4980, 4981, 4983, 4986, 4989, 4995, 4998, 5001, 5231, 5232, 5233, 5234, 5235, 5236, 5237, 5238, 5241, 5243, 5244, 5246, 5258, 5266, 5273, 5274, 5276, 5279, 5285, 5288, 5291, 5294, 5297, 5303, 5309, 5312, 5327, 5330, 5336, 5342, 5345, 5354, 5357, 5363, 5369, 5372, 5375, 5390, 5399, 5402, 5408, 5414, 5420, 5423, 5453, 5459, 5465, 5468, 5471, 5474, 5477, 5489, 5495, 5510, 5519, 5522, 5525, 5531, 5540, 5549, 5552, 5555, 5558, 5561, 5567, 5579, 5588, 5591, 5597, 5600, 5603, 5606, 5612, 5615, 5618, 5627, 5630, 5636, 5651, 5654, 5675, 5678, 5681, 5684, 5687, 5690, 5693, 5705, 5711, 5712, 5738, 5762, 5774, 5786, 5792, 5795, 5807, 5813, 5819, 5822, 5840