Partition output from ratepartitions.py
--Written by Tobias Malm (20121130)

For rate file: 0.rates with 5000 sites!

Manually set dividing factor: 4.0
Partitions calculated according to:
	1st partition: highest rate - ((highest rate - minimum_rate)/(4.0)),
	the remaining as lower boundary rate= upper boundary rate -((upper boundary rate - minimum rate)/(4.0+Partitionnumber*0.3)).
	Last partition created when less than 10% of total characters are left (=500.0 characters).

Rate spread of entire data set (Highest (slowest, 1=invariant) to lowest (fastest) ): Highest: 1.0, lowest: 0.143123916233, spread: 0.856876083767
Partition_1(1 sites):	Rate-span: 1.0-0.785781

Partition_2(0 sites):	Rate-span: 0.785781-0.646073

Partition_3(1 sites):	Rate-span: 0.646073-0.54343

Partition_4(0 sites):	Rate-span: 0.54343-0.466448

Partition_5(4 sites):	Rate-span: 0.466448-0.407662

Partition_6(6 sites):	Rate-span: 0.407662-0.362052

Partition_7(7 sites):	Rate-span: 0.362052-0.326162

Partition_8(10 sites):	Rate-span: 0.326162-0.297562

Partition_9(24 sites):	Rate-span: 0.297562-0.274512

Partition_10(27 sites):	Rate-span: 0.274512-0.255742

Partition_11(44 sites):	Rate-span: 0.255742-0.240315

Partition_12(40 sites):	Rate-span: 0.240315-0.227527

Partition_13(70 sites):	Rate-span: 0.227527-0.216843

Partition_14(93 sites):	Rate-span: 0.216843-0.207853

Partition_15(121 sites):	Rate-span: 0.207853-0.200238

Partition_16(158 sites):	Rate-span: 0.200238-0.193747

Partition_17(222 sites):	Rate-span: 0.193747-0.188184

Partition_18(294 sites):	Rate-span: 0.188184-0.183391

Partition_19(309 sites):	Rate-span: 0.183391-0.179239

Partition_20(383 sites):	Rate-span: 0.179239-0.175628

Partition_21(426 sites):	Rate-span: 0.175628-0.172472

Partition_22(372 sites):	Rate-span: 0.172472-0.169703

Partition_23(389 sites):	Rate-span: 0.169703-0.167265

Partition_24(356 sites):	Rate-span: 0.167265-0.16511

Partition_25(328 sites):	Rate-span: 0.16511-0.163198

Partition_26(263 sites):	Rate-span: 0.163198-0.161497

Partition_27(221 sites):	Rate-span: 0.161497-0.159978

Partition_28(174 sites):	Rate-span: 0.159978-0.158619

Partition_29(123 sites):	Rate-span: 0.158619-0.157399

Partition_30(109 sites):	Rate-span: 0.157399-0.156301

Partition_31(425 sites):	Rate-span: 0.156301-0.143124



MrBayes style
begin mrbayes;
Charset Partition_1 = 1712;
Charset Partition_3 = 2550;
Charset Partition_5 = 634 1647 2433 3969;
Charset Partition_6 = 608 817 2421 2719 3771 4769;
Charset Partition_7 = 57 167 649 1440 1760 2929 3332;
Charset Partition_8 = 1661 1881 1922 1949 2436 2611 2857 4186 4241 4911;
Charset Partition_9 = 137 499 630 644 660 697 721 1139 1201 1450 1808 2099 2176 2312 2321 2398 2448 3071 3214 3328 3501 3894 4405 4959;
Charset Partition_10 = 515 748 791 834 845 986 1172 1342 1448 1531 1787 1886 2111 2147 2211 2276 2805 3013 3157 3491 4223 4466 4572 4660 4863 4918 4947;
Charset Partition_11 = 30 85 178 186 351 360 408 509 699 799 1006 1037 1125 1330 1615 1737 1746 1759 1806 1985 2098 2250 2390 2413 2548 2551 2553 2558 2601 2606 2645 2709 2753 2859 3044 3103 3128 3780 3822 3864 4184 4503 4550 4826;
Charset Partition_12 = 73 89 483 527 567 717 719 877 1115 1324 1509 1876 1959 2017 2049 2108 2365 2445 2475 2518 2687 2693 3244 3310 3413 3488 3548 3755 3781 3811 3874 3889 4297 4555 4657 4668 4672 4716 4800 4997;
Charset Partition_13 = 110 122 168 245 345 454 477 561 602 626 677 737 771 779 802 824 843 937 956 1198 1241 1304 1381 1466 1573 1641 1669 1724 1742 1805 1856 1954 1988 2022 2112 2272 2287 2294 2469 2513 2545 2620 2652 2762 3172 3262 3357 3373 3460 3562 3605 3639 3650 3677 3742 3937 3959 4047 4053 4218 4248 4327 4361 4444 4498 4502 4561 4656 4861 4871;
Charset Partition_14 = 72 87 262 307 365 366 642 736 875 910 915 925 930 977 988 996 1137 1182 1259 1294 1318 1364 1384 1390 1434 1492 1524 1540 1548 1570 1653 1655 1766 1784 1894 1909 1944 1955 2024 2031 2066 2109 2117 2181 2192 2288 2325 2391 2405 2438 2457 2491 2522 2650 2674 2720 2758 2844 2943 2979 2991 3010 3051 3079 3099 3107 3220 3272 3287 3293 3390 3521 3618 3620 3718 3794 3820 3835 3857 3921 4004 4110 4386 4392 4404 4421 4427 4531 4646 4680 4788 4899 4930;
Charset Partition_15 = 17 147 187 277 278 376 421 516 524 583 585 590 614 639 656 669 732 747 787 835 862 896 919 1085 1154 1225 1229 1243 1269 1334 1375 1410 1421 1464 1521 1598 1600 1695 1841 1873 1939 2003 2020 2040 2114 2116 2121 2173 2210 2399 2412 2477 2493 2523 2549 2607 2648 2676 2759 2796 2837 2887 3030 3045 3049 3114 3123 3130 3147 3177 3202 3218 3222 3236 3250 3296 3377 3384 3441 3444 3454 3513 3619 3633 3687 3696 3815 3841 3943 3977 3988 3990 4071 4074 4147 4165 4244 4281 4305 4318 4395 4414 4415 4420 4432 4495 4605 4685 4717 4744 4750 4770 4782 4806 4811 4825 4875 4902 4909 4920 4982;
Charset Partition_16 = 10 23 32 90 98 173 199 236 341 348 363 386 390 405 522 525 551 553 584 599 603 625 665 711 794 801 811 839 855 872 1003 1016 1054 1057 1100 1121 1126 1129 1156 1224 1254 1256 1278 1297 1310 1321 1348 1386 1387 1393 1590 1597 1628 1649 1664 1668 1684 1689 1753 1767 1853 1855 1885 1896 1921 1929 1983 1987 2025 2106 2140 2143 2189 2217 2229 2330 2347 2388 2389 2397 2481 2516 2538 2543 2629 2675 2706 2737 2756 2794 2823 2891 2912 2915 2932 2942 2949 2957 3023 3112 3150 3211 3239 3258 3270 3305 3311 3331 3426 3431 3453 3479 3509 3528 3552 3578 3608 3614 3621 3630 3733 3745 3750 3770 3847 3872 3883 3886 3907 3913 3922 3947 3966 3994 4008 4056 4150 4177 4180 4204 4347 4417 4463 4546 4548 4589 4590 4613 4642 4710 4733 4748 4812 4829 4836 4884 4933 4944;
Charset Partition_17 = 29 37 108 197 216 218 222 230 308 313 321 334 338 358 364 367 391 445 453 466 480 538 548 610 637 650 655 672 812 846 917 933 969 974 983 1086 1089 1090 1158 1194 1211 1249 1302 1312 1325 1353 1361 1433 1435 1503 1512 1545 1577 1609 1636 1674 1703 1710 1738 1747 1756 1768 1840 1872 1903 1904 1961 1968 1981 1986 2026 2051 2055 2061 2088 2092 2104 2156 2185 2188 2242 2244 2254 2257 2275 2316 2348 2351 2376 2402 2403 2494 2501 2504 2524 2533 2552 2579 2585 2615 2619 2622 2634 2664 2711 2718 2739 2751 2767 2791 2815 2825 2826 2839 2850 2851 2876 2888 2919 2947 2963 2975 2978 2989 3005 3025 3095 3133 3139 3153 3192 3194 3241 3271 3276 3288 3356 3364 3370 3395 3421 3423 3465 3506 3507 3520 3537 3553 3591 3592 3596 3598 3635 3636 3678 3689 3694 3709 3711 3730 3773 3785 3812 3828 3877 3893 3935 3940 3950 3953 3961 3962 3998 4011 4025 4055 4057 4065 4093 4114 4176 4200 4219 4269 4301 4311 4336 4380 4418 4426 4485 4524 4529 4537 4541 4560 4562 4588 4593 4621 4624 4632 4658 4706 4729 4763 4767 4776 4795 4827 4834 4846 4855 4856 4896 4913 4915 4924 4938 4967 4969 4981;
Charset Partition_18 = 13 14 38 74 119 123 151 158 164 166 188 211 214 219 231 242 260 271 282 293 298 317 397 400 419 439 462 473 508 512 518 587 613 712 716 720 746 790 813 830 920 931 942 947 959 1000 1024 1026 1046 1069 1070 1141 1163 1191 1203 1239 1267 1273 1275 1276 1280 1320 1346 1350 1355 1376 1379 1382 1396 1404 1454 1483 1488 1515 1527 1592 1629 1652 1658 1670 1681 1775 1782 1783 1836 1837 1864 1865 1878 1892 1901 1941 1964 1969 1989 1997 2002 2018 2046 2095 2123 2162 2179 2200 2218 2238 2260 2262 2317 2318 2324 2349 2369 2432 2439 2442 2474 2535 2536 2577 2596 2597 2610 2631 2656 2668 2707 2723 2731 2744 2745 2755 2776 2786 2827 2829 2835 2866 2879 2886 2894 2924 2926 2955 2960 2965 2966 2974 2983 2985 2997 3012 3027 3037 3073 3108 3122 3144 3152 3161 3191 3205 3234 3247 3254 3281 3307 3316 3318 3321 3338 3340 3348 3360 3374 3381 3393 3406 3419 3446 3450 3451 3504 3536 3549 3554 3559 3574 3576 3601 3611 3626 3641 3654 3660 3695 3697 3708 3717 3723 3737 3748 3751 3776 3777 3779 3799 3837 3843 3856 3871 3882 3934 3941 3945 3991 3993 4001 4023 4032 4051 4077 4096 4108 4124 4131 4152 4154 4168 4170 4191 4192 4199 4201 4203 4211 4217 4232 4243 4251 4258 4279 4285 4287 4295 4306 4308 4321 4360 4362 4367 4371 4372 4377 4378 4381 4385 4410 4423 4438 4441 4473 4475 4478 4480 4501 4511 4539 4549 4580 4615 4655 4669 4697 4704 4720 4734 4746 4755 4792 4799 4802 4823 4831 4832 4839 4882 4890 4916 4940 4950 4954 4970 4983;
Charset Partition_19 = 19 33 39 47 49 53 65 107 109 155 159 162 170 176 191 204 205 306 314 328 333 361 375 395 443 474 478 482 495 502 539 667 687 692 708 741 760 848 851 900 911 939 954 987 1001 1004 1008 1062 1082 1133 1143 1151 1155 1159 1184 1185 1212 1236 1244 1282 1291 1315 1326 1333 1339 1359 1370 1380 1391 1430 1449 1519 1549 1569 1587 1594 1604 1623 1671 1676 1679 1685 1696 1708 1709 1713 1730 1748 1758 1765 1774 1789 1818 1825 1850 1859 1870 1897 1905 1917 1919 1927 1942 1962 1974 2004 2032 2043 2052 2053 2065 2070 2081 2094 2129 2132 2146 2151 2169 2182 2203 2213 2249 2253 2256 2285 2286 2296 2297 2302 2315 2319 2328 2331 2344 2353 2360 2364 2370 2383 2450 2556 2572 2592 2633 2647 2662 2663 2669 2671 2673 2684 2698 2701 2708 2716 2729 2750 2757 2775 2792 2803 2831 2836 2838 2862 2877 2890 2901 2910 2931 2933 2998 3019 3031 3039 3075 3081 3096 3121 3143 3155 3160 3173 3185 3204 3259 3269 3274 3284 3292 3301 3323 3354 3398 3418 3456 3461 3462 3480 3481 3492 3494 3502 3531 3557 3569 3580 3582 3623 3645 3666 3670 3722 3757 3759 3764 3783 3791 3804 3819 3845 3888 3892 3924 3939 3946 3948 3957 3975 3980 4010 4048 4049 4066 4087 4109 4142 4146 4156 4162 4171 4188 4202 4212 4225 4247 4249 4250 4263 4270 4271 4272 4304 4307 4314 4317 4322 4343 4349 4350 4356 4376 4412 4452 4471 4479 4484 4494 4515 4519 4525 4554 4559 4566 4574 4581 4607 4643 4644 4645 4653 4659 4664 4711 4721 4738 4747 4757 4785 4816 4819 4835 4845 4850 4854 4859 4862 4872 4891 4893 4898 4927 4934 4935 4965 4966 4998 5000;
Charset Partition_20 = 3 21 52 67 76 80 86 125 133 138 142 165 172 177 181 189 194 229 280 281 297 310 320 331 337 339 343 409 429 430 450 469 487 526 546 565 577 578 580 604 607 611 618 636 641 648 661 668 683 724 728 744 751 764 767 796 822 831 844 847 893 905 971 978 985 992 1012 1033 1047 1059 1065 1084 1088 1104 1160 1169 1170 1174 1186 1205 1216 1218 1223 1226 1257 1264 1271 1285 1338 1344 1365 1373 1414 1415 1424 1426 1436 1444 1455 1467 1477 1494 1497 1501 1518 1544 1550 1556 1566 1578 1585 1601 1624 1639 1642 1646 1659 1665 1673 1677 1680 1688 1693 1697 1704 1717 1725 1729 1733 1744 1757 1777 1821 1829 1830 1832 1835 1846 1851 1852 1857 1862 1883 1887 1913 1920 1933 1952 1960 1967 1975 1978 1982 2008 2010 2027 2029 2039 2050 2058 2113 2126 2128 2136 2138 2153 2155 2160 2191 2194 2201 2208 2263 2280 2284 2298 2299 2307 2313 2320 2326 2336 2342 2367 2372 2380 2384 2387 2415 2440 2459 2466 2468 2486 2490 2500 2506 2507 2531 2537 2539 2547 2561 2567 2574 2578 2600 2609 2617 2618 2624 2643 2666 2683 2690 2692 2702 2712 2717 2727 2730 2736 2781 2808 2811 2812 2843 2848 2861 2868 2882 2889 2913 2914 2917 2930 2934 2948 2964 3001 3006 3007 3011 3014 3022 3042 3052 3066 3074 3109 3118 3158 3165 3167 3179 3182 3184 3193 3206 3213 3231 3242 3260 3263 3278 3294 3298 3319 3336 3351 3358 3363 3411 3430 3434 3439 3457 3496 3541 3547 3564 3583 3627 3628 3634 3647 3672 3680 3707 3714 3716 3727 3753 3756 3765 3774 3803 3809 3818 3821 3850 3855 3862 3898 3903 3914 3927 3938 3979 3984 4017 4019 4022 4031 4042 4045 4092 4102 4113 4117 4129 4135 4160 4174 4178 4183 4185 4190 4195 4229 4234 4257 4265 4266 4273 4300 4309 4330 4337 4338 4365 4374 4460 4464 4486 4505 4530 4540 4543 4558 4563 4567 4569 4597 4601 4602 4620 4625 4633 4670 4675 4709 4727 4739 4742 4753 4771 4777 4778 4783 4815 4873 4876 4877 4880 4881 4885 4900 4903 4914 4955 4971 4974;
Charset Partition_21 = 2 4 5 35 41 56 103 104 115 126 139 160 180 190 224 246 274 276 291 304 323 326 336 353 354 371 373 388 410 414 416 433 441 456 472 475 497 503 504 505 510 513 521 533 534 544 547 557 573 640 643 654 684 689 691 702 707 718 729 738 754 757 758 765 774 784 803 804 816 821 832 856 857 858 859 864 870 904 943 952 953 955 961 963 964 965 980 981 994 995 1030 1036 1040 1041 1048 1079 1087 1108 1109 1110 1113 1130 1142 1162 1167 1175 1177 1246 1247 1261 1270 1274 1308 1335 1340 1385 1394 1484 1491 1508 1511 1537 1539 1541 1546 1547 1551 1562 1564 1567 1575 1595 1614 1618 1643 1705 1718 1723 1726 1736 1763 1773 1792 1794 1797 1803 1804 1810 1812 1823 1824 1844 1854 1871 1882 1890 1898 1924 1940 1965 1970 1996 1999 2011 2014 2044 2045 2071 2084 2087 2110 2134 2141 2144 2148 2157 2159 2161 2186 2228 2231 2234 2251 2259 2264 2266 2323 2329 2340 2401 2417 2425 2430 2435 2449 2464 2470 2472 2479 2497 2521 2568 2580 2584 2604 2608 2614 2621 2649 2651 2654 2659 2661 2689 2691 2700 2721 2722 2724 2728 2742 2764 2769 2777 2800 2802 2804 2813 2814 2819 2832 2842 2856 2858 2863 2873 2904 2905 2946 2951 2953 2956 2969 2971 2987 3002 3017 3024 3041 3056 3085 3092 3098 3111 3126 3142 3149 3181 3187 3199 3201 3237 3273 3282 3285 3295 3303 3309 3314 3315 3317 3326 3343 3367 3371 3397 3408 3427 3429 3443 3449 3467 3468 3475 3477 3495 3500 3514 3516 3519 3532 3535 3542 3550 3613 3622 3624 3632 3648 3651 3656 3659 3662 3664 3675 3679 3690 3702 3704 3706 3725 3734 3736 3739 3758 3766 3778 3782 3793 3796 3813 3814 3824 3840 3846 3849 3854 3861 3867 3881 3897 3908 3916 3918 3928 3936 3949 3976 3986 3995 4002 4012 4037 4039 4044 4058 4067 4069 4073 4081 4089 4103 4116 4123 4134 4137 4140 4145 4155 4158 4164 4172 4175 4182 4210 4228 4236 4237 4255 4292 4303 4312 4335 4366 4373 4391 4406 4413 4425 4440 4459 4462 4474 4483 4489 4492 4528 4536 4547 4565 4606 4612 4622 4629 4630 4648 4651 4671 4687 4700 4705 4713 4718 4730 4741 4751 4752 4754 4758 4790 4793 4838 4857 4866 4870 4886 4889 4907 4943 4948 4960 4973 4984 4987 4989 4992;
Charset Partition_22 = 43 51 59 78 84 88 99 102 112 113 128 132 146 149 153 174 208 210 213 239 247 249 264 284 285 286 296 302 309 356 393 398 420 422 434 436 488 491 506 511 514 537 558 559 562 571 575 594 598 615 627 635 647 653 657 662 664 686 694 695 750 768 778 780 789 808 825 837 841 861 873 881 885 888 906 909 918 927 940 949 951 1007 1021 1049 1052 1060 1064 1066 1067 1076 1094 1098 1101 1116 1117 1124 1134 1144 1157 1168 1179 1195 1217 1220 1222 1234 1296 1300 1317 1322 1329 1341 1347 1395 1406 1411 1412 1427 1429 1432 1451 1456 1468 1472 1478 1487 1498 1504 1533 1538 1554 1563 1574 1579 1580 1596 1608 1633 1637 1650 1663 1678 1691 1727 1750 1751 1752 1754 1780 1811 1828 1831 1839 1845 1914 1928 1930 1957 1977 1984 2019 2023 2034 2056 2064 2067 2076 2091 2118 2127 2130 2163 2183 2187 2190 2204 2207 2216 2230 2265 2269 2277 2282 2332 2345 2350 2359 2361 2374 2377 2378 2382 2408 2414 2456 2458 2473 2480 2482 2498 2499 2512 2514 2520 2526 2530 2542 2566 2570 2591 2598 2603 2612 2625 2639 2641 2653 2705 2710 2743 2752 2772 2782 2783 2789 2798 2833 2893 2898 2899 2923 2944 2967 2973 2976 2988 2990 3004 3028 3040 3054 3061 3087 3105 3119 3127 3175 3189 3197 3203 3215 3224 3229 3275 3286 3324 3337 3342 3346 3349 3387 3392 3412 3433 3442 3447 3459 3497 3499 3505 3517 3546 3571 3649 3663 3667 3671 3691 3712 3743 3817 3848 3868 3878 3890 3929 3931 3933 3944 3955 3963 3983 4003 4006 4035 4082 4095 4144 4179 4181 4194 4205 4233 4235 4242 4260 4274 4278 4282 4290 4294 4299 4310 4320 4331 4333 4346 4348 4351 4364 4379 4383 4396 4436 4447 4449 4493 4507 4513 4517 4533 4571 4582 4583 4585 4595 4608 4610 4628 4631 4637 4667 4674 4681 4691 4694 4695 4699 4707 4708 4712 4724 4735 4760 4761 4781 4789 4805 4820 4821 4828 4837 4840 4853 4888 4901 4904 4937 4939 4949 4957 4958;
Charset Partition_23 = 12 22 27 31 62 71 77 79 82 91 93 94 111 114 130 161 163 179 193 206 215 225 227 240 251 267 295 300 312 342 368 369 378 380 385 413 437 447 448 451 459 460 485 492 494 500 520 543 563 564 572 576 616 623 631 633 638 645 670 673 674 681 693 696 701 714 726 756 782 793 814 826 842 852 853 854 891 897 929 935 948 950 960 962 1009 1034 1043 1072 1074 1092 1093 1095 1096 1107 1146 1153 1176 1199 1221 1227 1233 1242 1253 1272 1311 1314 1354 1358 1401 1403 1417 1423 1431 1439 1442 1446 1463 1473 1495 1499 1526 1535 1552 1553 1591 1599 1634 1651 1654 1657 1660 1662 1672 1722 1735 1749 1755 1761 1764 1770 1772 1776 1785 1796 1801 1802 1814 1838 1847 1858 1860 1888 1900 1908 1910 1915 1936 1937 1943 1946 1972 1980 1992 2000 2005 2007 2015 2033 2035 2069 2082 2085 2102 2103 2105 2120 2164 2171 2175 2220 2293 2301 2304 2337 2381 2394 2416 2424 2443 2447 2487 2489 2508 2510 2534 2541 2573 2581 2582 2586 2595 2670 2699 2725 2746 2754 2766 2773 2780 2806 2807 2820 2821 2834 2852 2865 2869 2874 2897 2900 2935 2938 2945 2952 2958 2959 2984 2994 2995 2996 2999 3008 3015 3018 3043 3047 3057 3065 3070 3072 3082 3089 3104 3117 3124 3164 3170 3174 3186 3196 3217 3221 3230 3240 3246 3248 3255 3257 3299 3313 3327 3353 3359 3361 3375 3382 3383 3399 3436 3452 3464 3484 3498 3512 3527 3533 3544 3545 3568 3575 3579 3584 3593 3594 3597 3599 3606 3638 3652 3665 3673 3674 3685 3686 3715 3720 3731 3735 3744 3747 3763 3768 3788 3789 3798 3800 3844 3869 3884 3909 3912 3919 3930 3956 3965 3967 3968 3974 3997 3999 4015 4016 4018 4026 4043 4097 4115 4119 4136 4143 4166 4169 4207 4231 4253 4254 4264 4267 4280 4291 4296 4345 4353 4359 4382 4407 4408 4433 4434 4445 4469 4488 4506 4509 4514 4532 4552 4553 4556 4564 4596 4598 4617 4623 4636 4649 4661 4663 4676 4682 4684 4689 4784 4822 4824 4830 4851 4865 4879 4895 4897 4906 4919 4921 4923 4928 4979 4990 4995;
Charset Partition_24 = 11 25 26 28 63 81 92 95 116 118 121 131 152 157 183 185 196 202 220 221 228 233 248 273 289 290 301 303 311 315 318 319 327 340 362 381 384 389 392 399 417 425 435 446 484 489 531 536 541 552 588 595 601 605 606 617 620 632 685 713 733 740 759 762 770 783 818 827 838 850 866 899 902 922 946 997 1014 1015 1019 1020 1022 1027 1035 1039 1042 1055 1058 1080 1111 1112 1118 1122 1132 1138 1164 1193 1206 1214 1228 1258 1260 1283 1284 1290 1303 1306 1331 1366 1371 1383 1388 1392 1398 1407 1408 1413 1425 1438 1445 1460 1470 1482 1502 1507 1513 1520 1555 1561 1571 1602 1692 1702 1707 1715 1731 1815 1816 1833 1911 1912 1918 1925 1945 2009 2030 2063 2073 2096 2122 2149 2180 2212 2214 2223 2236 2245 2267 2291 2300 2308 2309 2314 2327 2343 2368 2375 2396 2404 2410 2444 2453 2460 2478 2485 2488 2492 2503 2511 2519 2555 2557 2562 2563 2571 2588 2613 2616 2636 2646 2686 2713 2760 2779 2784 2785 2788 2799 2830 2849 2872 2883 2885 2892 2911 2921 2940 2941 2950 2962 2981 3021 3093 3125 3148 3162 3163 3168 3180 3207 3226 3235 3238 3245 3266 3277 3279 3312 3334 3341 3344 3362 3378 3379 3380 3386 3416 3417 3420 3424 3437 3448 3463 3471 3489 3522 3551 3558 3577 3585 3589 3607 3610 3612 3616 3640 3643 3669 3681 3721 3732 3749 3752 3760 3775 3795 3797 3802 3806 3810 3826 3832 3833 3838 3870 3875 3885 3887 3901 3905 3915 3989 4007 4014 4021 4024 4030 4033 4054 4064 4068 4076 4085 4094 4098 4104 4118 4122 4132 4138 4216 4221 4222 4230 4238 4268 4277 4298 4319 4323 4325 4326 4332 4344 4370 4375 4387 4388 4409 4422 4442 4476 4477 4490 4496 4497 4508 4510 4527 4535 4551 4557 4576 4578 4634 4638 4654 4692 4693 4703 4715 4725 4728 4736 4772 4773 4787 4842 4860 4883 4922 4925 4931 4953 4968 4976 4977;
Charset Partition_25 = 34 55 58 60 64 105 141 171 175 200 201 217 223 232 243 244 257 265 268 270 283 294 299 329 350 355 370 379 382 383 432 440 444 457 476 479 498 529 535 540 569 591 596 646 652 663 690 700 710 730 739 766 798 819 865 882 923 934 936 945 975 991 1011 1038 1053 1061 1077 1099 1136 1147 1197 1215 1240 1262 1265 1299 1307 1319 1328 1357 1362 1374 1377 1399 1409 1419 1505 1506 1523 1528 1543 1565 1582 1588 1616 1630 1644 1656 1716 1728 1741 1743 1769 1778 1791 1799 1819 1834 1879 1906 1907 1931 1979 1990 2016 2021 2057 2060 2074 2097 2107 2124 2137 2165 2168 2170 2174 2205 2219 2232 2235 2240 2241 2255 2274 2283 2303 2335 2338 2341 2366 2371 2373 2385 2393 2395 2454 2461 2484 2525 2527 2532 2575 2576 2637 2640 2644 2665 2667 2672 2680 2694 2696 2714 2740 2741 2790 2801 2828 2846 2855 2871 2878 2881 2906 2909 2916 2925 2927 2928 2968 2977 2986 3003 3020 3035 3046 3048 3055 3058 3064 3086 3106 3115 3116 3131 3135 3136 3166 3169 3190 3216 3232 3249 3261 3290 3385 3388 3396 3401 3403 3409 3422 3469 3470 3478 3482 3490 3511 3518 3526 3543 3565 3566 3567 3573 3587 3682 3688 3710 3728 3729 3767 3790 3816 3823 3827 3829 3839 3842 3865 3866 3876 3879 3891 3900 3904 3906 3925 3926 3942 3954 3971 3973 3978 3981 3982 3996 4027 4034 4050 4060 4061 4062 4086 4121 4133 4139 4151 4167 4193 4215 4224 4239 4276 4288 4293 4313 4328 4342 4384 4397 4398 4403 4411 4416 4419 4429 4435 4439 4448 4450 4453 4455 4456 4504 4523 4542 4544 4545 4573 4579 4586 4619 4641 4662 4678 4723 4726 4731 4732 4745 4756 4762 4765 4766 4796 4798 4801 4809 4864 4868 4869 4908 4917 4942 4980 4988;
Charset Partition_26 = 9 61 70 101 120 143 145 237 241 250 261 263 322 325 330 349 372 377 387 394 396 407 412 428 449 463 471 481 519 528 542 582 628 659 666 671 679 705 727 734 745 773 775 776 777 792 795 797 820 829 833 849 895 898 901 903 907 912 941 973 984 1005 1044 1071 1119 1140 1192 1207 1238 1255 1287 1292 1301 1313 1327 1343 1349 1368 1378 1441 1457 1474 1475 1480 1490 1514 1529 1530 1532 1558 1576 1589 1593 1627 1686 1690 1699 1734 1739 1740 1788 1800 1848 1861 1867 1877 1884 1889 1891 1895 1899 1971 1976 1993 1998 2001 2012 2013 2037 2047 2078 2079 2131 2135 2150 2152 2158 2178 2199 2248 2258 2268 2271 2279 2281 2290 2292 2295 2352 2386 2400 2411 2437 2455 2502 2583 2627 2628 2635 2638 2657 2677 2682 2732 2734 2747 2763 2768 2795 2809 2810 2816 2817 2847 2854 2903 2939 2954 2993 3038 3069 3140 3141 3151 3156 3188 3212 3227 3268 3283 3297 3300 3322 3325 3345 3347 3389 3402 3405 3410 3414 3435 3472 3485 3493 3525 3538 3540 3555 3563 3572 3590 3595 3609 3617 3644 3658 3693 3698 3699 3703 3705 3713 3719 3762 3786 3825 3830 3910 3951 3964 3972 3985 3992 4036 4038 4059 4070 4078 4161 4198 4246 4252 4339 4355 4394 4454 4458 4465 4467 4468 4470 4534 4568 4570 4591 4594 4600 4616 4639 4683 4696 4740 4743 4759 4786 4847 4849 4858 4874 4929 4956 4993;
Charset Partition_27 = 42 44 45 69 96 129 154 209 259 292 335 346 357 359 374 402 418 427 458 464 470 486 549 554 556 568 581 592 597 600 622 658 688 715 722 753 772 785 800 836 840 860 874 894 924 926 938 972 1010 1018 1025 1028 1032 1045 1050 1073 1097 1161 1189 1190 1200 1208 1219 1250 1268 1345 1351 1372 1405 1416 1443 1452 1465 1471 1479 1485 1560 1584 1603 1612 1622 1626 1675 1687 1698 1720 1820 1875 1880 1938 1951 1995 2028 2036 2038 2041 2054 2072 2093 2133 2142 2184 2196 2197 2202 2221 2225 2239 2247 2305 2357 2422 2426 2428 2467 2540 2626 2695 2703 2726 2748 2770 2771 2774 2824 2841 2867 2884 2895 2961 3000 3060 3076 3097 3101 3102 3113 3120 3134 3138 3146 3154 3171 3176 3208 3219 3253 3264 3267 3302 3350 3394 3400 3404 3425 3473 3474 3483 3510 3523 3530 3534 3539 3588 3603 3625 3629 3668 3683 3831 3834 3860 3880 3917 3960 3970 4000 4041 4046 4052 4063 4072 4090 4106 4128 4130 4149 4163 4187 4214 4227 4329 4334 4354 4368 4390 4393 4400 4437 4443 4487 4521 4526 4577 4609 4635 4647 4650 4737 4749 4768 4779 4780 4797 4848 4887 4926 4945 4962 4978 4991;
Charset Partition_28 = 48 50 136 207 316 442 465 467 468 493 550 566 589 629 676 680 682 709 731 743 828 868 871 876 879 928 958 976 1029 1063 1075 1078 1091 1114 1166 1180 1181 1183 1188 1202 1210 1230 1237 1251 1252 1263 1277 1289 1295 1298 1305 1336 1352 1389 1437 1453 1486 1557 1607 1617 1621 1706 1714 1790 1795 1822 1843 1869 1893 1902 2042 2062 2068 2083 2086 2145 2154 2193 2206 2227 2237 2243 2246 2252 2334 2356 2358 2419 2446 2463 2495 2529 2546 2565 2590 2599 2605 2660 2678 2681 2688 2761 2778 2787 2822 2936 2980 3016 3026 3029 3033 3036 3053 3077 3078 3091 3100 3110 3145 3178 3265 3289 3308 3329 3339 3352 3415 3432 3455 3476 3508 3529 3570 3586 3637 3642 3646 3653 3692 3746 3761 3787 3792 3805 3807 3859 3863 3873 4013 4100 4105 4206 4226 4256 4289 4324 4399 4482 4491 4500 4652 4673 4688 4698 4702 4714 4810 4894 4912 4932 4951 4964 4972 4986;
Charset Partition_29 = 40 106 144 150 203 258 288 352 401 406 431 452 461 555 703 704 735 806 887 890 892 967 1017 1131 1150 1152 1204 1248 1266 1337 1356 1402 1420 1458 1522 1534 1536 1568 1581 1605 1635 1682 1683 1719 1732 1817 1849 1932 1935 1947 1948 1953 2075 2080 2115 2177 2224 2233 2306 2339 2392 2409 2423 2431 2462 2465 2587 2593 2658 2685 2697 2704 2765 2793 2845 2864 2918 2972 2992 3068 3083 3084 3159 3210 3251 3376 3458 3556 3581 3600 3724 3738 3754 3836 3858 3895 3899 3902 4020 4029 4080 4083 4084 4099 4101 4112 4125 4126 4173 4259 4302 4402 4457 4538 4575 4604 4618 4626 4841 4867 4963 4975 4996;
Charset Partition_30 = 8 20 100 124 135 156 184 254 269 272 275 287 305 426 496 507 612 678 781 883 968 990 999 1031 1103 1128 1171 1173 1209 1232 1235 1245 1288 1293 1316 1369 1476 1619 1631 1638 1700 1721 1745 1779 1786 1793 1958 2059 2100 2198 2270 2310 2333 2363 2379 2406 2452 2471 2517 2544 2560 2564 2569 2630 2642 2715 2797 2840 3050 3063 3129 3198 3233 3280 3335 3366 3369 3391 3503 3615 3740 3853 3958 4028 4220 4261 4283 4316 4352 4401 4430 4451 4461 4499 4512 4516 4587 4611 4803 4804 4818 4844 4852 4878 4892 4941 4946 4985 4994;
Charset Partition_31 = 1 6 7 15 16 18 24 36 46 54 66 68 75 83 97 117 127 134 140 148 169 182 192 195 198 212 226 234 235 238 252 253 255 256 266 279 324 332 344 347 403 404 411 415 423 424 438 455 490 501 517 523 530 532 545 560 570 574 579 586 593 609 619 621 624 651 675 698 706 723 725 742 749 752 755 761 763 769 786 788 805 807 809 810 815 823 863 867 869 878 880 884 886 889 908 913 914 916 921 932 944 957 966 970 979 982 989 993 998 1002 1013 1023 1051 1056 1068 1081 1083 1102 1105 1106 1120 1123 1127 1135 1145 1148 1149 1165 1178 1187 1196 1213 1231 1279 1281 1286 1309 1323 1332 1360 1363 1367 1397 1400 1418 1422 1428 1447 1459 1461 1462 1469 1481 1489 1493 1496 1500 1510 1516 1517 1525 1542 1559 1572 1583 1586 1606 1610 1611 1613 1620 1625 1632 1640 1645 1648 1666 1667 1694 1701 1711 1762 1771 1781 1798 1807 1809 1813 1826 1827 1842 1863 1866 1868 1874 1916 1923 1926 1934 1950 1956 1963 1966 1973 1991 1994 2006 2048 2077 2089 2090 2101 2119 2125 2139 2166 2167 2172 2195 2209 2215 2222 2226 2261 2273 2278 2289 2311 2322 2346 2354 2355 2362 2407 2418 2420 2427 2429 2434 2441 2451 2476 2483 2496 2505 2509 2515 2528 2554 2559 2589 2594 2602 2623 2632 2655 2679 2733 2735 2738 2749 2818 2853 2860 2870 2875 2880 2896 2902 2907 2908 2920 2922 2937 2970 2982 3009 3032 3034 3059 3062 3067 3080 3088 3090 3094 3132 3137 3183 3195 3200 3209 3223 3225 3228 3243 3252 3256 3291 3304 3306 3320 3330 3333 3355 3365 3368 3372 3407 3428 3438 3440 3445 3466 3486 3487 3515 3524 3560 3561 3602 3604 3631 3655 3657 3661 3676 3684 3700 3701 3726 3741 3769 3772 3784 3801 3808 3851 3852 3896 3911 3920 3923 3932 3952 3987 4005 4009 4040 4075 4079 4088 4091 4107 4111 4120 4127 4141 4148 4153 4157 4159 4189 4196 4197 4208 4209 4213 4240 4245 4262 4275 4284 4286 4315 4340 4341 4357 4358 4363 4369 4389 4424 4428 4431 4446 4472 4481 4518 4520 4522 4584 4592 4599 4603 4614 4627 4640 4665 4666 4677 4679 4686 4690 4701 4719 4722 4764 4774 4775 4791 4794 4807 4808 4813 4814 4817 4833 4843 4905 4910 4936 4952 4961 4999;
partition Partitions = 31: Partition_1, Partition_2, Partition_3, Partition_4, Partition_5, Partition_6, Partition_7, Partition_8, Partition_9, Partition_10, Partition_11, Partition_12, Partition_13, Partition_14, Partition_15, Partition_16, Partition_17, Partition_18, Partition_19, Partition_20, Partition_21, Partition_22, Partition_23, Partition_24, Partition_25, Partition_26, Partition_27, Partition_28, Partition_29, Partition_30, Partition_31;
set partition = Partitions;


PHYLIP  style
DNA, Partition_1 = 1712
DNA, Partition_3 = 2550
DNA, Partition_5 = 634, 1647, 2433, 3969
DNA, Partition_6 = 608, 817, 2421, 2719, 3771, 4769
DNA, Partition_7 = 57, 167, 649, 1440, 1760, 2929, 3332
DNA, Partition_8 = 1661, 1881, 1922, 1949, 2436, 2611, 2857, 4186, 4241, 4911
DNA, Partition_9 = 137, 499, 630, 644, 660, 697, 721, 1139, 1201, 1450, 1808, 2099, 2176, 2312, 2321, 2398, 2448, 3071, 3214, 3328, 3501, 3894, 4405, 4959
DNA, Partition_10 = 515, 748, 791, 834, 845, 986, 1172, 1342, 1448, 1531, 1787, 1886, 2111, 2147, 2211, 2276, 2805, 3013, 3157, 3491, 4223, 4466, 4572, 4660, 4863, 4918, 4947
DNA, Partition_11 = 30, 85, 178, 186, 351, 360, 408, 509, 699, 799, 1006, 1037, 1125, 1330, 1615, 1737, 1746, 1759, 1806, 1985, 2098, 2250, 2390, 2413, 2548, 2551, 2553, 2558, 2601, 2606, 2645, 2709, 2753, 2859, 3044, 3103, 3128, 3780, 3822, 3864, 4184, 4503, 4550, 4826
DNA, Partition_12 = 73, 89, 483, 527, 567, 717, 719, 877, 1115, 1324, 1509, 1876, 1959, 2017, 2049, 2108, 2365, 2445, 2475, 2518, 2687, 2693, 3244, 3310, 3413, 3488, 3548, 3755, 3781, 3811, 3874, 3889, 4297, 4555, 4657, 4668, 4672, 4716, 4800, 4997
DNA, Partition_13 = 110, 122, 168, 245, 345, 454, 477, 561, 602, 626, 677, 737, 771, 779, 802, 824, 843, 937, 956, 1198, 1241, 1304, 1381, 1466, 1573, 1641, 1669, 1724, 1742, 1805, 1856, 1954, 1988, 2022, 2112, 2272, 2287, 2294, 2469, 2513, 2545, 2620, 2652, 2762, 3172, 3262, 3357, 3373, 3460, 3562, 3605, 3639, 3650, 3677, 3742, 3937, 3959, 4047, 4053, 4218, 4248, 4327, 4361, 4444, 4498, 4502, 4561, 4656, 4861, 4871
DNA, Partition_14 = 72, 87, 262, 307, 365, 366, 642, 736, 875, 910, 915, 925, 930, 977, 988, 996, 1137, 1182, 1259, 1294, 1318, 1364, 1384, 1390, 1434, 1492, 1524, 1540, 1548, 1570, 1653, 1655, 1766, 1784, 1894, 1909, 1944, 1955, 2024, 2031, 2066, 2109, 2117, 2181, 2192, 2288, 2325, 2391, 2405, 2438, 2457, 2491, 2522, 2650, 2674, 2720, 2758, 2844, 2943, 2979, 2991, 3010, 3051, 3079, 3099, 3107, 3220, 3272, 3287, 3293, 3390, 3521, 3618, 3620, 3718, 3794, 3820, 3835, 3857, 3921, 4004, 4110, 4386, 4392, 4404, 4421, 4427, 4531, 4646, 4680, 4788, 4899, 4930
DNA, Partition_15 = 17, 147, 187, 277, 278, 376, 421, 516, 524, 583, 585, 590, 614, 639, 656, 669, 732, 747, 787, 835, 862, 896, 919, 1085, 1154, 1225, 1229, 1243, 1269, 1334, 1375, 1410, 1421, 1464, 1521, 1598, 1600, 1695, 1841, 1873, 1939, 2003, 2020, 2040, 2114, 2116, 2121, 2173, 2210, 2399, 2412, 2477, 2493, 2523, 2549, 2607, 2648, 2676, 2759, 2796, 2837, 2887, 3030, 3045, 3049, 3114, 3123, 3130, 3147, 3177, 3202, 3218, 3222, 3236, 3250, 3296, 3377, 3384, 3441, 3444, 3454, 3513, 3619, 3633, 3687, 3696, 3815, 3841, 3943, 3977, 3988, 3990, 4071, 4074, 4147, 4165, 4244, 4281, 4305, 4318, 4395, 4414, 4415, 4420, 4432, 4495, 4605, 4685, 4717, 4744, 4750, 4770, 4782, 4806, 4811, 4825, 4875, 4902, 4909, 4920, 4982
DNA, Partition_16 = 10, 23, 32, 90, 98, 173, 199, 236, 341, 348, 363, 386, 390, 405, 522, 525, 551, 553, 584, 599, 603, 625, 665, 711, 794, 801, 811, 839, 855, 872, 1003, 1016, 1054, 1057, 1100, 1121, 1126, 1129, 1156, 1224, 1254, 1256, 1278, 1297, 1310, 1321, 1348, 1386, 1387, 1393, 1590, 1597, 1628, 1649, 1664, 1668, 1684, 1689, 1753, 1767, 1853, 1855, 1885, 1896, 1921, 1929, 1983, 1987, 2025, 2106, 2140, 2143, 2189, 2217, 2229, 2330, 2347, 2388, 2389, 2397, 2481, 2516, 2538, 2543, 2629, 2675, 2706, 2737, 2756, 2794, 2823, 2891, 2912, 2915, 2932, 2942, 2949, 2957, 3023, 3112, 3150, 3211, 3239, 3258, 3270, 3305, 3311, 3331, 3426, 3431, 3453, 3479, 3509, 3528, 3552, 3578, 3608, 3614, 3621, 3630, 3733, 3745, 3750, 3770, 3847, 3872, 3883, 3886, 3907, 3913, 3922, 3947, 3966, 3994, 4008, 4056, 4150, 4177, 4180, 4204, 4347, 4417, 4463, 4546, 4548, 4589, 4590, 4613, 4642, 4710, 4733, 4748, 4812, 4829, 4836, 4884, 4933, 4944
DNA, Partition_17 = 29, 37, 108, 197, 216, 218, 222, 230, 308, 313, 321, 334, 338, 358, 364, 367, 391, 445, 453, 466, 480, 538, 548, 610, 637, 650, 655, 672, 812, 846, 917, 933, 969, 974, 983, 1086, 1089, 1090, 1158, 1194, 1211, 1249, 1302, 1312, 1325, 1353, 1361, 1433, 1435, 1503, 1512, 1545, 1577, 1609, 1636, 1674, 1703, 1710, 1738, 1747, 1756, 1768, 1840, 1872, 1903, 1904, 1961, 1968, 1981, 1986, 2026, 2051, 2055, 2061, 2088, 2092, 2104, 2156, 2185, 2188, 2242, 2244, 2254, 2257, 2275, 2316, 2348, 2351, 2376, 2402, 2403, 2494, 2501, 2504, 2524, 2533, 2552, 2579, 2585, 2615, 2619, 2622, 2634, 2664, 2711, 2718, 2739, 2751, 2767, 2791, 2815, 2825, 2826, 2839, 2850, 2851, 2876, 2888, 2919, 2947, 2963, 2975, 2978, 2989, 3005, 3025, 3095, 3133, 3139, 3153, 3192, 3194, 3241, 3271, 3276, 3288, 3356, 3364, 3370, 3395, 3421, 3423, 3465, 3506, 3507, 3520, 3537, 3553, 3591, 3592, 3596, 3598, 3635, 3636, 3678, 3689, 3694, 3709, 3711, 3730, 3773, 3785, 3812, 3828, 3877, 3893, 3935, 3940, 3950, 3953, 3961, 3962, 3998, 4011, 4025, 4055, 4057, 4065, 4093, 4114, 4176, 4200, 4219, 4269, 4301, 4311, 4336, 4380, 4418, 4426, 4485, 4524, 4529, 4537, 4541, 4560, 4562, 4588, 4593, 4621, 4624, 4632, 4658, 4706, 4729, 4763, 4767, 4776, 4795, 4827, 4834, 4846, 4855, 4856, 4896, 4913, 4915, 4924, 4938, 4967, 4969, 4981
DNA, Partition_18 = 13, 14, 38, 74, 119, 123, 151, 158, 164, 166, 188, 211, 214, 219, 231, 242, 260, 271, 282, 293, 298, 317, 397, 400, 419, 439, 462, 473, 508, 512, 518, 587, 613, 712, 716, 720, 746, 790, 813, 830, 920, 931, 942, 947, 959, 1000, 1024, 1026, 1046, 1069, 1070, 1141, 1163, 1191, 1203, 1239, 1267, 1273, 1275, 1276, 1280, 1320, 1346, 1350, 1355, 1376, 1379, 1382, 1396, 1404, 1454, 1483, 1488, 1515, 1527, 1592, 1629, 1652, 1658, 1670, 1681, 1775, 1782, 1783, 1836, 1837, 1864, 1865, 1878, 1892, 1901, 1941, 1964, 1969, 1989, 1997, 2002, 2018, 2046, 2095, 2123, 2162, 2179, 2200, 2218, 2238, 2260, 2262, 2317, 2318, 2324, 2349, 2369, 2432, 2439, 2442, 2474, 2535, 2536, 2577, 2596, 2597, 2610, 2631, 2656, 2668, 2707, 2723, 2731, 2744, 2745, 2755, 2776, 2786, 2827, 2829, 2835, 2866, 2879, 2886, 2894, 2924, 2926, 2955, 2960, 2965, 2966, 2974, 2983, 2985, 2997, 3012, 3027, 3037, 3073, 3108, 3122, 3144, 3152, 3161, 3191, 3205, 3234, 3247, 3254, 3281, 3307, 3316, 3318, 3321, 3338, 3340, 3348, 3360, 3374, 3381, 3393, 3406, 3419, 3446, 3450, 3451, 3504, 3536, 3549, 3554, 3559, 3574, 3576, 3601, 3611, 3626, 3641, 3654, 3660, 3695, 3697, 3708, 3717, 3723, 3737, 3748, 3751, 3776, 3777, 3779, 3799, 3837, 3843, 3856, 3871, 3882, 3934, 3941, 3945, 3991, 3993, 4001, 4023, 4032, 4051, 4077, 4096, 4108, 4124, 4131, 4152, 4154, 4168, 4170, 4191, 4192, 4199, 4201, 4203, 4211, 4217, 4232, 4243, 4251, 4258, 4279, 4285, 4287, 4295, 4306, 4308, 4321, 4360, 4362, 4367, 4371, 4372, 4377, 4378, 4381, 4385, 4410, 4423, 4438, 4441, 4473, 4475, 4478, 4480, 4501, 4511, 4539, 4549, 4580, 4615, 4655, 4669, 4697, 4704, 4720, 4734, 4746, 4755, 4792, 4799, 4802, 4823, 4831, 4832, 4839, 4882, 4890, 4916, 4940, 4950, 4954, 4970, 4983
DNA, Partition_19 = 19, 33, 39, 47, 49, 53, 65, 107, 109, 155, 159, 162, 170, 176, 191, 204, 205, 306, 314, 328, 333, 361, 375, 395, 443, 474, 478, 482, 495, 502, 539, 667, 687, 692, 708, 741, 760, 848, 851, 900, 911, 939, 954, 987, 1001, 1004, 1008, 1062, 1082, 1133, 1143, 1151, 1155, 1159, 1184, 1185, 1212, 1236, 1244, 1282, 1291, 1315, 1326, 1333, 1339, 1359, 1370, 1380, 1391, 1430, 1449, 1519, 1549, 1569, 1587, 1594, 1604, 1623, 1671, 1676, 1679, 1685, 1696, 1708, 1709, 1713, 1730, 1748, 1758, 1765, 1774, 1789, 1818, 1825, 1850, 1859, 1870, 1897, 1905, 1917, 1919, 1927, 1942, 1962, 1974, 2004, 2032, 2043, 2052, 2053, 2065, 2070, 2081, 2094, 2129, 2132, 2146, 2151, 2169, 2182, 2203, 2213, 2249, 2253, 2256, 2285, 2286, 2296, 2297, 2302, 2315, 2319, 2328, 2331, 2344, 2353, 2360, 2364, 2370, 2383, 2450, 2556, 2572, 2592, 2633, 2647, 2662, 2663, 2669, 2671, 2673, 2684, 2698, 2701, 2708, 2716, 2729, 2750, 2757, 2775, 2792, 2803, 2831, 2836, 2838, 2862, 2877, 2890, 2901, 2910, 2931, 2933, 2998, 3019, 3031, 3039, 3075, 3081, 3096, 3121, 3143, 3155, 3160, 3173, 3185, 3204, 3259, 3269, 3274, 3284, 3292, 3301, 3323, 3354, 3398, 3418, 3456, 3461, 3462, 3480, 3481, 3492, 3494, 3502, 3531, 3557, 3569, 3580, 3582, 3623, 3645, 3666, 3670, 3722, 3757, 3759, 3764, 3783, 3791, 3804, 3819, 3845, 3888, 3892, 3924, 3939, 3946, 3948, 3957, 3975, 3980, 4010, 4048, 4049, 4066, 4087, 4109, 4142, 4146, 4156, 4162, 4171, 4188, 4202, 4212, 4225, 4247, 4249, 4250, 4263, 4270, 4271, 4272, 4304, 4307, 4314, 4317, 4322, 4343, 4349, 4350, 4356, 4376, 4412, 4452, 4471, 4479, 4484, 4494, 4515, 4519, 4525, 4554, 4559, 4566, 4574, 4581, 4607, 4643, 4644, 4645, 4653, 4659, 4664, 4711, 4721, 4738, 4747, 4757, 4785, 4816, 4819, 4835, 4845, 4850, 4854, 4859, 4862, 4872, 4891, 4893, 4898, 4927, 4934, 4935, 4965, 4966, 4998, 5000
DNA, Partition_20 = 3, 21, 52, 67, 76, 80, 86, 125, 133, 138, 142, 165, 172, 177, 181, 189, 194, 229, 280, 281, 297, 310, 320, 331, 337, 339, 343, 409, 429, 430, 450, 469, 487, 526, 546, 565, 577, 578, 580, 604, 607, 611, 618, 636, 641, 648, 661, 668, 683, 724, 728, 744, 751, 764, 767, 796, 822, 831, 844, 847, 893, 905, 971, 978, 985, 992, 1012, 1033, 1047, 1059, 1065, 1084, 1088, 1104, 1160, 1169, 1170, 1174, 1186, 1205, 1216, 1218, 1223, 1226, 1257, 1264, 1271, 1285, 1338, 1344, 1365, 1373, 1414, 1415, 1424, 1426, 1436, 1444, 1455, 1467, 1477, 1494, 1497, 1501, 1518, 1544, 1550, 1556, 1566, 1578, 1585, 1601, 1624, 1639, 1642, 1646, 1659, 1665, 1673, 1677, 1680, 1688, 1693, 1697, 1704, 1717, 1725, 1729, 1733, 1744, 1757, 1777, 1821, 1829, 1830, 1832, 1835, 1846, 1851, 1852, 1857, 1862, 1883, 1887, 1913, 1920, 1933, 1952, 1960, 1967, 1975, 1978, 1982, 2008, 2010, 2027, 2029, 2039, 2050, 2058, 2113, 2126, 2128, 2136, 2138, 2153, 2155, 2160, 2191, 2194, 2201, 2208, 2263, 2280, 2284, 2298, 2299, 2307, 2313, 2320, 2326, 2336, 2342, 2367, 2372, 2380, 2384, 2387, 2415, 2440, 2459, 2466, 2468, 2486, 2490, 2500, 2506, 2507, 2531, 2537, 2539, 2547, 2561, 2567, 2574, 2578, 2600, 2609, 2617, 2618, 2624, 2643, 2666, 2683, 2690, 2692, 2702, 2712, 2717, 2727, 2730, 2736, 2781, 2808, 2811, 2812, 2843, 2848, 2861, 2868, 2882, 2889, 2913, 2914, 2917, 2930, 2934, 2948, 2964, 3001, 3006, 3007, 3011, 3014, 3022, 3042, 3052, 3066, 3074, 3109, 3118, 3158, 3165, 3167, 3179, 3182, 3184, 3193, 3206, 3213, 3231, 3242, 3260, 3263, 3278, 3294, 3298, 3319, 3336, 3351, 3358, 3363, 3411, 3430, 3434, 3439, 3457, 3496, 3541, 3547, 3564, 3583, 3627, 3628, 3634, 3647, 3672, 3680, 3707, 3714, 3716, 3727, 3753, 3756, 3765, 3774, 3803, 3809, 3818, 3821, 3850, 3855, 3862, 3898, 3903, 3914, 3927, 3938, 3979, 3984, 4017, 4019, 4022, 4031, 4042, 4045, 4092, 4102, 4113, 4117, 4129, 4135, 4160, 4174, 4178, 4183, 4185, 4190, 4195, 4229, 4234, 4257, 4265, 4266, 4273, 4300, 4309, 4330, 4337, 4338, 4365, 4374, 4460, 4464, 4486, 4505, 4530, 4540, 4543, 4558, 4563, 4567, 4569, 4597, 4601, 4602, 4620, 4625, 4633, 4670, 4675, 4709, 4727, 4739, 4742, 4753, 4771, 4777, 4778, 4783, 4815, 4873, 4876, 4877, 4880, 4881, 4885, 4900, 4903, 4914, 4955, 4971, 4974
DNA, Partition_21 = 2, 4, 5, 35, 41, 56, 103, 104, 115, 126, 139, 160, 180, 190, 224, 246, 274, 276, 291, 304, 323, 326, 336, 353, 354, 371, 373, 388, 410, 414, 416, 433, 441, 456, 472, 475, 497, 503, 504, 505, 510, 513, 521, 533, 534, 544, 547, 557, 573, 640, 643, 654, 684, 689, 691, 702, 707, 718, 729, 738, 754, 757, 758, 765, 774, 784, 803, 804, 816, 821, 832, 856, 857, 858, 859, 864, 870, 904, 943, 952, 953, 955, 961, 963, 964, 965, 980, 981, 994, 995, 1030, 1036, 1040, 1041, 1048, 1079, 1087, 1108, 1109, 1110, 1113, 1130, 1142, 1162, 1167, 1175, 1177, 1246, 1247, 1261, 1270, 1274, 1308, 1335, 1340, 1385, 1394, 1484, 1491, 1508, 1511, 1537, 1539, 1541, 1546, 1547, 1551, 1562, 1564, 1567, 1575, 1595, 1614, 1618, 1643, 1705, 1718, 1723, 1726, 1736, 1763, 1773, 1792, 1794, 1797, 1803, 1804, 1810, 1812, 1823, 1824, 1844, 1854, 1871, 1882, 1890, 1898, 1924, 1940, 1965, 1970, 1996, 1999, 2011, 2014, 2044, 2045, 2071, 2084, 2087, 2110, 2134, 2141, 2144, 2148, 2157, 2159, 2161, 2186, 2228, 2231, 2234, 2251, 2259, 2264, 2266, 2323, 2329, 2340, 2401, 2417, 2425, 2430, 2435, 2449, 2464, 2470, 2472, 2479, 2497, 2521, 2568, 2580, 2584, 2604, 2608, 2614, 2621, 2649, 2651, 2654, 2659, 2661, 2689, 2691, 2700, 2721, 2722, 2724, 2728, 2742, 2764, 2769, 2777, 2800, 2802, 2804, 2813, 2814, 2819, 2832, 2842, 2856, 2858, 2863, 2873, 2904, 2905, 2946, 2951, 2953, 2956, 2969, 2971, 2987, 3002, 3017, 3024, 3041, 3056, 3085, 3092, 3098, 3111, 3126, 3142, 3149, 3181, 3187, 3199, 3201, 3237, 3273, 3282, 3285, 3295, 3303, 3309, 3314, 3315, 3317, 3326, 3343, 3367, 3371, 3397, 3408, 3427, 3429, 3443, 3449, 3467, 3468, 3475, 3477, 3495, 3500, 3514, 3516, 3519, 3532, 3535, 3542, 3550, 3613, 3622, 3624, 3632, 3648, 3651, 3656, 3659, 3662, 3664, 3675, 3679, 3690, 3702, 3704, 3706, 3725, 3734, 3736, 3739, 3758, 3766, 3778, 3782, 3793, 3796, 3813, 3814, 3824, 3840, 3846, 3849, 3854, 3861, 3867, 3881, 3897, 3908, 3916, 3918, 3928, 3936, 3949, 3976, 3986, 3995, 4002, 4012, 4037, 4039, 4044, 4058, 4067, 4069, 4073, 4081, 4089, 4103, 4116, 4123, 4134, 4137, 4140, 4145, 4155, 4158, 4164, 4172, 4175, 4182, 4210, 4228, 4236, 4237, 4255, 4292, 4303, 4312, 4335, 4366, 4373, 4391, 4406, 4413, 4425, 4440, 4459, 4462, 4474, 4483, 4489, 4492, 4528, 4536, 4547, 4565, 4606, 4612, 4622, 4629, 4630, 4648, 4651, 4671, 4687, 4700, 4705, 4713, 4718, 4730, 4741, 4751, 4752, 4754, 4758, 4790, 4793, 4838, 4857, 4866, 4870, 4886, 4889, 4907, 4943, 4948, 4960, 4973, 4984, 4987, 4989, 4992
DNA, Partition_22 = 43, 51, 59, 78, 84, 88, 99, 102, 112, 113, 128, 132, 146, 149, 153, 174, 208, 210, 213, 239, 247, 249, 264, 284, 285, 286, 296, 302, 309, 356, 393, 398, 420, 422, 434, 436, 488, 491, 506, 511, 514, 537, 558, 559, 562, 571, 575, 594, 598, 615, 627, 635, 647, 653, 657, 662, 664, 686, 694, 695, 750, 768, 778, 780, 789, 808, 825, 837, 841, 861, 873, 881, 885, 888, 906, 909, 918, 927, 940, 949, 951, 1007, 1021, 1049, 1052, 1060, 1064, 1066, 1067, 1076, 1094, 1098, 1101, 1116, 1117, 1124, 1134, 1144, 1157, 1168, 1179, 1195, 1217, 1220, 1222, 1234, 1296, 1300, 1317, 1322, 1329, 1341, 1347, 1395, 1406, 1411, 1412, 1427, 1429, 1432, 1451, 1456, 1468, 1472, 1478, 1487, 1498, 1504, 1533, 1538, 1554, 1563, 1574, 1579, 1580, 1596, 1608, 1633, 1637, 1650, 1663, 1678, 1691, 1727, 1750, 1751, 1752, 1754, 1780, 1811, 1828, 1831, 1839, 1845, 1914, 1928, 1930, 1957, 1977, 1984, 2019, 2023, 2034, 2056, 2064, 2067, 2076, 2091, 2118, 2127, 2130, 2163, 2183, 2187, 2190, 2204, 2207, 2216, 2230, 2265, 2269, 2277, 2282, 2332, 2345, 2350, 2359, 2361, 2374, 2377, 2378, 2382, 2408, 2414, 2456, 2458, 2473, 2480, 2482, 2498, 2499, 2512, 2514, 2520, 2526, 2530, 2542, 2566, 2570, 2591, 2598, 2603, 2612, 2625, 2639, 2641, 2653, 2705, 2710, 2743, 2752, 2772, 2782, 2783, 2789, 2798, 2833, 2893, 2898, 2899, 2923, 2944, 2967, 2973, 2976, 2988, 2990, 3004, 3028, 3040, 3054, 3061, 3087, 3105, 3119, 3127, 3175, 3189, 3197, 3203, 3215, 3224, 3229, 3275, 3286, 3324, 3337, 3342, 3346, 3349, 3387, 3392, 3412, 3433, 3442, 3447, 3459, 3497, 3499, 3505, 3517, 3546, 3571, 3649, 3663, 3667, 3671, 3691, 3712, 3743, 3817, 3848, 3868, 3878, 3890, 3929, 3931, 3933, 3944, 3955, 3963, 3983, 4003, 4006, 4035, 4082, 4095, 4144, 4179, 4181, 4194, 4205, 4233, 4235, 4242, 4260, 4274, 4278, 4282, 4290, 4294, 4299, 4310, 4320, 4331, 4333, 4346, 4348, 4351, 4364, 4379, 4383, 4396, 4436, 4447, 4449, 4493, 4507, 4513, 4517, 4533, 4571, 4582, 4583, 4585, 4595, 4608, 4610, 4628, 4631, 4637, 4667, 4674, 4681, 4691, 4694, 4695, 4699, 4707, 4708, 4712, 4724, 4735, 4760, 4761, 4781, 4789, 4805, 4820, 4821, 4828, 4837, 4840, 4853, 4888, 4901, 4904, 4937, 4939, 4949, 4957, 4958
DNA, Partition_23 = 12, 22, 27, 31, 62, 71, 77, 79, 82, 91, 93, 94, 111, 114, 130, 161, 163, 179, 193, 206, 215, 225, 227, 240, 251, 267, 295, 300, 312, 342, 368, 369, 378, 380, 385, 413, 437, 447, 448, 451, 459, 460, 485, 492, 494, 500, 520, 543, 563, 564, 572, 576, 616, 623, 631, 633, 638, 645, 670, 673, 674, 681, 693, 696, 701, 714, 726, 756, 782, 793, 814, 826, 842, 852, 853, 854, 891, 897, 929, 935, 948, 950, 960, 962, 1009, 1034, 1043, 1072, 1074, 1092, 1093, 1095, 1096, 1107, 1146, 1153, 1176, 1199, 1221, 1227, 1233, 1242, 1253, 1272, 1311, 1314, 1354, 1358, 1401, 1403, 1417, 1423, 1431, 1439, 1442, 1446, 1463, 1473, 1495, 1499, 1526, 1535, 1552, 1553, 1591, 1599, 1634, 1651, 1654, 1657, 1660, 1662, 1672, 1722, 1735, 1749, 1755, 1761, 1764, 1770, 1772, 1776, 1785, 1796, 1801, 1802, 1814, 1838, 1847, 1858, 1860, 1888, 1900, 1908, 1910, 1915, 1936, 1937, 1943, 1946, 1972, 1980, 1992, 2000, 2005, 2007, 2015, 2033, 2035, 2069, 2082, 2085, 2102, 2103, 2105, 2120, 2164, 2171, 2175, 2220, 2293, 2301, 2304, 2337, 2381, 2394, 2416, 2424, 2443, 2447, 2487, 2489, 2508, 2510, 2534, 2541, 2573, 2581, 2582, 2586, 2595, 2670, 2699, 2725, 2746, 2754, 2766, 2773, 2780, 2806, 2807, 2820, 2821, 2834, 2852, 2865, 2869, 2874, 2897, 2900, 2935, 2938, 2945, 2952, 2958, 2959, 2984, 2994, 2995, 2996, 2999, 3008, 3015, 3018, 3043, 3047, 3057, 3065, 3070, 3072, 3082, 3089, 3104, 3117, 3124, 3164, 3170, 3174, 3186, 3196, 3217, 3221, 3230, 3240, 3246, 3248, 3255, 3257, 3299, 3313, 3327, 3353, 3359, 3361, 3375, 3382, 3383, 3399, 3436, 3452, 3464, 3484, 3498, 3512, 3527, 3533, 3544, 3545, 3568, 3575, 3579, 3584, 3593, 3594, 3597, 3599, 3606, 3638, 3652, 3665, 3673, 3674, 3685, 3686, 3715, 3720, 3731, 3735, 3744, 3747, 3763, 3768, 3788, 3789, 3798, 3800, 3844, 3869, 3884, 3909, 3912, 3919, 3930, 3956, 3965, 3967, 3968, 3974, 3997, 3999, 4015, 4016, 4018, 4026, 4043, 4097, 4115, 4119, 4136, 4143, 4166, 4169, 4207, 4231, 4253, 4254, 4264, 4267, 4280, 4291, 4296, 4345, 4353, 4359, 4382, 4407, 4408, 4433, 4434, 4445, 4469, 4488, 4506, 4509, 4514, 4532, 4552, 4553, 4556, 4564, 4596, 4598, 4617, 4623, 4636, 4649, 4661, 4663, 4676, 4682, 4684, 4689, 4784, 4822, 4824, 4830, 4851, 4865, 4879, 4895, 4897, 4906, 4919, 4921, 4923, 4928, 4979, 4990, 4995
DNA, Partition_24 = 11, 25, 26, 28, 63, 81, 92, 95, 116, 118, 121, 131, 152, 157, 183, 185, 196, 202, 220, 221, 228, 233, 248, 273, 289, 290, 301, 303, 311, 315, 318, 319, 327, 340, 362, 381, 384, 389, 392, 399, 417, 425, 435, 446, 484, 489, 531, 536, 541, 552, 588, 595, 601, 605, 606, 617, 620, 632, 685, 713, 733, 740, 759, 762, 770, 783, 818, 827, 838, 850, 866, 899, 902, 922, 946, 997, 1014, 1015, 1019, 1020, 1022, 1027, 1035, 1039, 1042, 1055, 1058, 1080, 1111, 1112, 1118, 1122, 1132, 1138, 1164, 1193, 1206, 1214, 1228, 1258, 1260, 1283, 1284, 1290, 1303, 1306, 1331, 1366, 1371, 1383, 1388, 1392, 1398, 1407, 1408, 1413, 1425, 1438, 1445, 1460, 1470, 1482, 1502, 1507, 1513, 1520, 1555, 1561, 1571, 1602, 1692, 1702, 1707, 1715, 1731, 1815, 1816, 1833, 1911, 1912, 1918, 1925, 1945, 2009, 2030, 2063, 2073, 2096, 2122, 2149, 2180, 2212, 2214, 2223, 2236, 2245, 2267, 2291, 2300, 2308, 2309, 2314, 2327, 2343, 2368, 2375, 2396, 2404, 2410, 2444, 2453, 2460, 2478, 2485, 2488, 2492, 2503, 2511, 2519, 2555, 2557, 2562, 2563, 2571, 2588, 2613, 2616, 2636, 2646, 2686, 2713, 2760, 2779, 2784, 2785, 2788, 2799, 2830, 2849, 2872, 2883, 2885, 2892, 2911, 2921, 2940, 2941, 2950, 2962, 2981, 3021, 3093, 3125, 3148, 3162, 3163, 3168, 3180, 3207, 3226, 3235, 3238, 3245, 3266, 3277, 3279, 3312, 3334, 3341, 3344, 3362, 3378, 3379, 3380, 3386, 3416, 3417, 3420, 3424, 3437, 3448, 3463, 3471, 3489, 3522, 3551, 3558, 3577, 3585, 3589, 3607, 3610, 3612, 3616, 3640, 3643, 3669, 3681, 3721, 3732, 3749, 3752, 3760, 3775, 3795, 3797, 3802, 3806, 3810, 3826, 3832, 3833, 3838, 3870, 3875, 3885, 3887, 3901, 3905, 3915, 3989, 4007, 4014, 4021, 4024, 4030, 4033, 4054, 4064, 4068, 4076, 4085, 4094, 4098, 4104, 4118, 4122, 4132, 4138, 4216, 4221, 4222, 4230, 4238, 4268, 4277, 4298, 4319, 4323, 4325, 4326, 4332, 4344, 4370, 4375, 4387, 4388, 4409, 4422, 4442, 4476, 4477, 4490, 4496, 4497, 4508, 4510, 4527, 4535, 4551, 4557, 4576, 4578, 4634, 4638, 4654, 4692, 4693, 4703, 4715, 4725, 4728, 4736, 4772, 4773, 4787, 4842, 4860, 4883, 4922, 4925, 4931, 4953, 4968, 4976, 4977
DNA, Partition_25 = 34, 55, 58, 60, 64, 105, 141, 171, 175, 200, 201, 217, 223, 232, 243, 244, 257, 265, 268, 270, 283, 294, 299, 329, 350, 355, 370, 379, 382, 383, 432, 440, 444, 457, 476, 479, 498, 529, 535, 540, 569, 591, 596, 646, 652, 663, 690, 700, 710, 730, 739, 766, 798, 819, 865, 882, 923, 934, 936, 945, 975, 991, 1011, 1038, 1053, 1061, 1077, 1099, 1136, 1147, 1197, 1215, 1240, 1262, 1265, 1299, 1307, 1319, 1328, 1357, 1362, 1374, 1377, 1399, 1409, 1419, 1505, 1506, 1523, 1528, 1543, 1565, 1582, 1588, 1616, 1630, 1644, 1656, 1716, 1728, 1741, 1743, 1769, 1778, 1791, 1799, 1819, 1834, 1879, 1906, 1907, 1931, 1979, 1990, 2016, 2021, 2057, 2060, 2074, 2097, 2107, 2124, 2137, 2165, 2168, 2170, 2174, 2205, 2219, 2232, 2235, 2240, 2241, 2255, 2274, 2283, 2303, 2335, 2338, 2341, 2366, 2371, 2373, 2385, 2393, 2395, 2454, 2461, 2484, 2525, 2527, 2532, 2575, 2576, 2637, 2640, 2644, 2665, 2667, 2672, 2680, 2694, 2696, 2714, 2740, 2741, 2790, 2801, 2828, 2846, 2855, 2871, 2878, 2881, 2906, 2909, 2916, 2925, 2927, 2928, 2968, 2977, 2986, 3003, 3020, 3035, 3046, 3048, 3055, 3058, 3064, 3086, 3106, 3115, 3116, 3131, 3135, 3136, 3166, 3169, 3190, 3216, 3232, 3249, 3261, 3290, 3385, 3388, 3396, 3401, 3403, 3409, 3422, 3469, 3470, 3478, 3482, 3490, 3511, 3518, 3526, 3543, 3565, 3566, 3567, 3573, 3587, 3682, 3688, 3710, 3728, 3729, 3767, 3790, 3816, 3823, 3827, 3829, 3839, 3842, 3865, 3866, 3876, 3879, 3891, 3900, 3904, 3906, 3925, 3926, 3942, 3954, 3971, 3973, 3978, 3981, 3982, 3996, 4027, 4034, 4050, 4060, 4061, 4062, 4086, 4121, 4133, 4139, 4151, 4167, 4193, 4215, 4224, 4239, 4276, 4288, 4293, 4313, 4328, 4342, 4384, 4397, 4398, 4403, 4411, 4416, 4419, 4429, 4435, 4439, 4448, 4450, 4453, 4455, 4456, 4504, 4523, 4542, 4544, 4545, 4573, 4579, 4586, 4619, 4641, 4662, 4678, 4723, 4726, 4731, 4732, 4745, 4756, 4762, 4765, 4766, 4796, 4798, 4801, 4809, 4864, 4868, 4869, 4908, 4917, 4942, 4980, 4988
DNA, Partition_26 = 9, 61, 70, 101, 120, 143, 145, 237, 241, 250, 261, 263, 322, 325, 330, 349, 372, 377, 387, 394, 396, 407, 412, 428, 449, 463, 471, 481, 519, 528, 542, 582, 628, 659, 666, 671, 679, 705, 727, 734, 745, 773, 775, 776, 777, 792, 795, 797, 820, 829, 833, 849, 895, 898, 901, 903, 907, 912, 941, 973, 984, 1005, 1044, 1071, 1119, 1140, 1192, 1207, 1238, 1255, 1287, 1292, 1301, 1313, 1327, 1343, 1349, 1368, 1378, 1441, 1457, 1474, 1475, 1480, 1490, 1514, 1529, 1530, 1532, 1558, 1576, 1589, 1593, 1627, 1686, 1690, 1699, 1734, 1739, 1740, 1788, 1800, 1848, 1861, 1867, 1877, 1884, 1889, 1891, 1895, 1899, 1971, 1976, 1993, 1998, 2001, 2012, 2013, 2037, 2047, 2078, 2079, 2131, 2135, 2150, 2152, 2158, 2178, 2199, 2248, 2258, 2268, 2271, 2279, 2281, 2290, 2292, 2295, 2352, 2386, 2400, 2411, 2437, 2455, 2502, 2583, 2627, 2628, 2635, 2638, 2657, 2677, 2682, 2732, 2734, 2747, 2763, 2768, 2795, 2809, 2810, 2816, 2817, 2847, 2854, 2903, 2939, 2954, 2993, 3038, 3069, 3140, 3141, 3151, 3156, 3188, 3212, 3227, 3268, 3283, 3297, 3300, 3322, 3325, 3345, 3347, 3389, 3402, 3405, 3410, 3414, 3435, 3472, 3485, 3493, 3525, 3538, 3540, 3555, 3563, 3572, 3590, 3595, 3609, 3617, 3644, 3658, 3693, 3698, 3699, 3703, 3705, 3713, 3719, 3762, 3786, 3825, 3830, 3910, 3951, 3964, 3972, 3985, 3992, 4036, 4038, 4059, 4070, 4078, 4161, 4198, 4246, 4252, 4339, 4355, 4394, 4454, 4458, 4465, 4467, 4468, 4470, 4534, 4568, 4570, 4591, 4594, 4600, 4616, 4639, 4683, 4696, 4740, 4743, 4759, 4786, 4847, 4849, 4858, 4874, 4929, 4956, 4993
DNA, Partition_27 = 42, 44, 45, 69, 96, 129, 154, 209, 259, 292, 335, 346, 357, 359, 374, 402, 418, 427, 458, 464, 470, 486, 549, 554, 556, 568, 581, 592, 597, 600, 622, 658, 688, 715, 722, 753, 772, 785, 800, 836, 840, 860, 874, 894, 924, 926, 938, 972, 1010, 1018, 1025, 1028, 1032, 1045, 1050, 1073, 1097, 1161, 1189, 1190, 1200, 1208, 1219, 1250, 1268, 1345, 1351, 1372, 1405, 1416, 1443, 1452, 1465, 1471, 1479, 1485, 1560, 1584, 1603, 1612, 1622, 1626, 1675, 1687, 1698, 1720, 1820, 1875, 1880, 1938, 1951, 1995, 2028, 2036, 2038, 2041, 2054, 2072, 2093, 2133, 2142, 2184, 2196, 2197, 2202, 2221, 2225, 2239, 2247, 2305, 2357, 2422, 2426, 2428, 2467, 2540, 2626, 2695, 2703, 2726, 2748, 2770, 2771, 2774, 2824, 2841, 2867, 2884, 2895, 2961, 3000, 3060, 3076, 3097, 3101, 3102, 3113, 3120, 3134, 3138, 3146, 3154, 3171, 3176, 3208, 3219, 3253, 3264, 3267, 3302, 3350, 3394, 3400, 3404, 3425, 3473, 3474, 3483, 3510, 3523, 3530, 3534, 3539, 3588, 3603, 3625, 3629, 3668, 3683, 3831, 3834, 3860, 3880, 3917, 3960, 3970, 4000, 4041, 4046, 4052, 4063, 4072, 4090, 4106, 4128, 4130, 4149, 4163, 4187, 4214, 4227, 4329, 4334, 4354, 4368, 4390, 4393, 4400, 4437, 4443, 4487, 4521, 4526, 4577, 4609, 4635, 4647, 4650, 4737, 4749, 4768, 4779, 4780, 4797, 4848, 4887, 4926, 4945, 4962, 4978, 4991
DNA, Partition_28 = 48, 50, 136, 207, 316, 442, 465, 467, 468, 493, 550, 566, 589, 629, 676, 680, 682, 709, 731, 743, 828, 868, 871, 876, 879, 928, 958, 976, 1029, 1063, 1075, 1078, 1091, 1114, 1166, 1180, 1181, 1183, 1188, 1202, 1210, 1230, 1237, 1251, 1252, 1263, 1277, 1289, 1295, 1298, 1305, 1336, 1352, 1389, 1437, 1453, 1486, 1557, 1607, 1617, 1621, 1706, 1714, 1790, 1795, 1822, 1843, 1869, 1893, 1902, 2042, 2062, 2068, 2083, 2086, 2145, 2154, 2193, 2206, 2227, 2237, 2243, 2246, 2252, 2334, 2356, 2358, 2419, 2446, 2463, 2495, 2529, 2546, 2565, 2590, 2599, 2605, 2660, 2678, 2681, 2688, 2761, 2778, 2787, 2822, 2936, 2980, 3016, 3026, 3029, 3033, 3036, 3053, 3077, 3078, 3091, 3100, 3110, 3145, 3178, 3265, 3289, 3308, 3329, 3339, 3352, 3415, 3432, 3455, 3476, 3508, 3529, 3570, 3586, 3637, 3642, 3646, 3653, 3692, 3746, 3761, 3787, 3792, 3805, 3807, 3859, 3863, 3873, 4013, 4100, 4105, 4206, 4226, 4256, 4289, 4324, 4399, 4482, 4491, 4500, 4652, 4673, 4688, 4698, 4702, 4714, 4810, 4894, 4912, 4932, 4951, 4964, 4972, 4986
DNA, Partition_29 = 40, 106, 144, 150, 203, 258, 288, 352, 401, 406, 431, 452, 461, 555, 703, 704, 735, 806, 887, 890, 892, 967, 1017, 1131, 1150, 1152, 1204, 1248, 1266, 1337, 1356, 1402, 1420, 1458, 1522, 1534, 1536, 1568, 1581, 1605, 1635, 1682, 1683, 1719, 1732, 1817, 1849, 1932, 1935, 1947, 1948, 1953, 2075, 2080, 2115, 2177, 2224, 2233, 2306, 2339, 2392, 2409, 2423, 2431, 2462, 2465, 2587, 2593, 2658, 2685, 2697, 2704, 2765, 2793, 2845, 2864, 2918, 2972, 2992, 3068, 3083, 3084, 3159, 3210, 3251, 3376, 3458, 3556, 3581, 3600, 3724, 3738, 3754, 3836, 3858, 3895, 3899, 3902, 4020, 4029, 4080, 4083, 4084, 4099, 4101, 4112, 4125, 4126, 4173, 4259, 4302, 4402, 4457, 4538, 4575, 4604, 4618, 4626, 4841, 4867, 4963, 4975, 4996
DNA, Partition_30 = 8, 20, 100, 124, 135, 156, 184, 254, 269, 272, 275, 287, 305, 426, 496, 507, 612, 678, 781, 883, 968, 990, 999, 1031, 1103, 1128, 1171, 1173, 1209, 1232, 1235, 1245, 1288, 1293, 1316, 1369, 1476, 1619, 1631, 1638, 1700, 1721, 1745, 1779, 1786, 1793, 1958, 2059, 2100, 2198, 2270, 2310, 2333, 2363, 2379, 2406, 2452, 2471, 2517, 2544, 2560, 2564, 2569, 2630, 2642, 2715, 2797, 2840, 3050, 3063, 3129, 3198, 3233, 3280, 3335, 3366, 3369, 3391, 3503, 3615, 3740, 3853, 3958, 4028, 4220, 4261, 4283, 4316, 4352, 4401, 4430, 4451, 4461, 4499, 4512, 4516, 4587, 4611, 4803, 4804, 4818, 4844, 4852, 4878, 4892, 4941, 4946, 4985, 4994
DNA, Partition_31 = 1, 6, 7, 15, 16, 18, 24, 36, 46, 54, 66, 68, 75, 83, 97, 117, 127, 134, 140, 148, 169, 182, 192, 195, 198, 212, 226, 234, 235, 238, 252, 253, 255, 256, 266, 279, 324, 332, 344, 347, 403, 404, 411, 415, 423, 424, 438, 455, 490, 501, 517, 523, 530, 532, 545, 560, 570, 574, 579, 586, 593, 609, 619, 621, 624, 651, 675, 698, 706, 723, 725, 742, 749, 752, 755, 761, 763, 769, 786, 788, 805, 807, 809, 810, 815, 823, 863, 867, 869, 878, 880, 884, 886, 889, 908, 913, 914, 916, 921, 932, 944, 957, 966, 970, 979, 982, 989, 993, 998, 1002, 1013, 1023, 1051, 1056, 1068, 1081, 1083, 1102, 1105, 1106, 1120, 1123, 1127, 1135, 1145, 1148, 1149, 1165, 1178, 1187, 1196, 1213, 1231, 1279, 1281, 1286, 1309, 1323, 1332, 1360, 1363, 1367, 1397, 1400, 1418, 1422, 1428, 1447, 1459, 1461, 1462, 1469, 1481, 1489, 1493, 1496, 1500, 1510, 1516, 1517, 1525, 1542, 1559, 1572, 1583, 1586, 1606, 1610, 1611, 1613, 1620, 1625, 1632, 1640, 1645, 1648, 1666, 1667, 1694, 1701, 1711, 1762, 1771, 1781, 1798, 1807, 1809, 1813, 1826, 1827, 1842, 1863, 1866, 1868, 1874, 1916, 1923, 1926, 1934, 1950, 1956, 1963, 1966, 1973, 1991, 1994, 2006, 2048, 2077, 2089, 2090, 2101, 2119, 2125, 2139, 2166, 2167, 2172, 2195, 2209, 2215, 2222, 2226, 2261, 2273, 2278, 2289, 2311, 2322, 2346, 2354, 2355, 2362, 2407, 2418, 2420, 2427, 2429, 2434, 2441, 2451, 2476, 2483, 2496, 2505, 2509, 2515, 2528, 2554, 2559, 2589, 2594, 2602, 2623, 2632, 2655, 2679, 2733, 2735, 2738, 2749, 2818, 2853, 2860, 2870, 2875, 2880, 2896, 2902, 2907, 2908, 2920, 2922, 2937, 2970, 2982, 3009, 3032, 3034, 3059, 3062, 3067, 3080, 3088, 3090, 3094, 3132, 3137, 3183, 3195, 3200, 3209, 3223, 3225, 3228, 3243, 3252, 3256, 3291, 3304, 3306, 3320, 3330, 3333, 3355, 3365, 3368, 3372, 3407, 3428, 3438, 3440, 3445, 3466, 3486, 3487, 3515, 3524, 3560, 3561, 3602, 3604, 3631, 3655, 3657, 3661, 3676, 3684, 3700, 3701, 3726, 3741, 3769, 3772, 3784, 3801, 3808, 3851, 3852, 3896, 3911, 3920, 3923, 3932, 3952, 3987, 4005, 4009, 4040, 4075, 4079, 4088, 4091, 4107, 4111, 4120, 4127, 4141, 4148, 4153, 4157, 4159, 4189, 4196, 4197, 4208, 4209, 4213, 4240, 4245, 4262, 4275, 4284, 4286, 4315, 4340, 4341, 4357, 4358, 4363, 4369, 4389, 4424, 4428, 4431, 4446, 4472, 4481, 4518, 4520, 4522, 4584, 4592, 4599, 4603, 4614, 4627, 4640, 4665, 4666, 4677, 4679, 4686, 4690, 4701, 4719, 4722, 4764, 4774, 4775, 4791, 4794, 4807, 4808, 4813, 4814, 4817, 4833, 4843, 4905, 4910, 4936, 4952, 4961, 4999