Partition output from ratepartitions.py
--Written by Tobias Malm (20121130)

For rate file: 6.rates with 8000 sites!

Manually set dividing factor: 4.0
Partitions calculated according to:
	1st partition: highest rate - ((highest rate - minimum_rate)/(4.0)),
	the remaining as lower boundary rate= upper boundary rate -((upper boundary rate - minimum rate)/(4.0+Partitionnumber*0.3)).
	Last partition created when less than 10% of total characters are left (=800.0 characters).

Rate spread of entire data set (Highest (slowest, 1=invariant) to lowest (fastest) ): Highest: 0.410322123599, lowest: 0.0499854148435, spread: 0.360336708756
Partition_1(3 sites):	Rate-span: 0.410322-0.320238

Partition_2(4 sites):	Rate-span: 0.320238-0.261487

Partition_3(11 sites):	Rate-span: 0.261487-0.218324

Partition_4(8 sites):	Rate-span: 0.218324-0.185951

Partition_5(11 sites):	Rate-span: 0.185951-0.16123

Partition_6(28 sites):	Rate-span: 0.16123-0.14205

Partition_7(30 sites):	Rate-span: 0.14205-0.126957

Partition_8(33 sites):	Rate-span: 0.126957-0.11493

Partition_9(54 sites):	Rate-span: 0.11493-0.105237

Partition_10(70 sites):	Rate-span: 0.105237-0.097344

Partition_11(95 sites):	Rate-span: 0.097344-0.090857

Partition_12(101 sites):	Rate-span: 0.090857-0.085479

Partition_13(107 sites):	Rate-span: 0.085479-0.080986

Partition_14(163 sites):	Rate-span: 0.080986-0.077205

Partition_15(227 sites):	Rate-span: 0.077205-0.074003

Partition_16(240 sites):	Rate-span: 0.074003-0.071274

Partition_17(324 sites):	Rate-span: 0.071274-0.068934

Partition_18(398 sites):	Rate-span: 0.068934-0.066919

Partition_19(408 sites):	Rate-span: 0.066919-0.065173

Partition_20(469 sites):	Rate-span: 0.065173-0.063654

Partition_21(517 sites):	Rate-span: 0.063654-0.062327

Partition_22(541 sites):	Rate-span: 0.062327-0.061163

Partition_23(543 sites):	Rate-span: 0.061163-0.060137

Partition_24(524 sites):	Rate-span: 0.060137-0.059231

Partition_25(509 sites):	Rate-span: 0.059231-0.058427

Partition_26(478 sites):	Rate-span: 0.058427-0.057712

Partition_27(390 sites):	Rate-span: 0.057712-0.057073

Partition_28(347 sites):	Rate-span: 0.057073-0.056501

Partition_29(254 sites):	Rate-span: 0.056501-0.055988

Partition_30(204 sites):	Rate-span: 0.055988-0.055527

Partition_31(176 sites):	Rate-span: 0.055527-0.05511

Partition_32(733 sites):	Rate-span: 0.05511-0.049985



MrBayes style
begin mrbayes;
Charset Partition_1 = 2631 5863 7976;
Charset Partition_2 = 1050 1190 1333 5518;
Charset Partition_3 = 93 904 1807 1902 1928 2068 2247 3710 3944 5272 6264;
Charset Partition_4 = 1332 1626 1970 2284 3764 4955 5875 6217;
Charset Partition_5 = 270 760 1056 1312 1565 2763 4741 5203 5920 6335 6998;
Charset Partition_6 = 45 291 537 633 1185 1196 1256 1594 1848 1985 2304 2401 2615 3852 4763 4810 5082 5151 5418 5476 5496 5504 6126 6244 6478 6547 6770 7082;
Charset Partition_7 = 59 573 628 947 1224 1343 1664 1732 1766 1911 2417 2581 3210 3238 3516 4112 4476 4522 4632 5186 5237 5258 5285 5630 5874 5976 6616 7186 7237 7518;
Charset Partition_8 = 343 699 1005 1215 1273 1274 1528 1539 1603 1881 2171 2623 2674 3084 3783 4039 4116 4477 4930 5045 5280 5293 5623 5763 6018 6274 6436 6448 6798 7059 7499 7620 7863;
Charset Partition_9 = 250 306 420 425 739 759 916 1070 1112 1277 1349 1411 1593 1872 1930 1934 1940 2268 2568 2643 2669 2806 3248 3272 3294 3321 3565 3906 4343 4402 4595 4958 5041 5103 5142 5348 5357 5450 5511 5849 5966 6048 6146 6166 6279 6417 6486 6647 6741 6773 6927 7002 7023 7347;
Charset Partition_10 = 71 91 107 236 256 419 460 461 484 487 489 501 596 724 757 1073 1151 1276 1292 1373 1666 1669 2067 2091 2097 2485 2874 2903 2945 3113 3174 3492 3581 3617 3712 3734 3770 3825 4089 4140 4440 4697 4792 5495 5499 5501 5519 5620 5648 5668 5793 5886 5984 6011 6060 6101 6256 6408 6602 6628 6986 7141 7233 7249 7387 7418 7519 7524 7654 7895;
Charset Partition_11 = 35 102 360 466 481 486 601 647 852 861 900 931 1027 1028 1120 1124 1135 1181 1205 1240 1246 1255 1271 1316 1397 1412 1514 1564 1577 1885 1955 2366 2374 2381 2411 2551 2561 2597 2730 2815 2990 3053 3117 3209 3213 3268 3394 3470 3687 3785 3796 3875 3903 3932 3991 4024 4055 4137 4155 4205 4298 4362 4560 4808 4863 4874 4975 5009 5023 5175 5213 5247 5249 5261 5460 5646 5703 5803 5892 5895 6111 6180 6339 6429 6566 6637 6644 6850 7051 7272 7320 7460 7511 7971 7988;
Charset Partition_12 = 1 39 66 96 293 304 323 448 530 701 713 740 783 856 857 945 967 970 1057 1100 1118 1326 1338 1461 1548 1590 1613 1614 1644 1733 1763 1862 2081 2104 2106 2212 2364 2435 2511 2652 2840 2841 2899 2935 2947 2966 3050 3150 3406 3460 3517 3739 3782 3894 4064 4072 4128 4207 4285 4407 4621 4646 4739 4793 4932 4945 4946 4982 5181 5658 5686 5747 5989 6028 6067 6204 6221 6260 6310 6347 6420 6446 6472 6511 6584 6713 6766 6790 6856 6902 6939 6989 7167 7285 7501 7610 7636 7653 7668 7920 7974;
Charset Partition_13 = 3 64 103 111 187 266 278 299 310 408 451 454 459 465 502 506 510 534 578 603 629 636 651 727 793 923 992 1033 1065 1086 1168 1466 1517 1656 1746 1837 1839 1880 2006 2128 2150 2186 2227 2491 2498 2524 2717 2765 2832 3138 3236 3326 3343 3357 3402 3440 3485 3487 3608 3646 3651 3706 3759 3808 3945 4004 4014 4092 4093 4266 4428 4464 4585 4602 4643 4717 4748 4753 4802 4817 4872 5002 5241 5279 5299 5369 5690 5841 5897 5971 5974 5980 5988 6080 6198 6228 6299 6311 6524 6527 6634 6783 6865 6942 7032 7367 7886;
Charset Partition_14 = 19 29 67 132 134 137 149 241 286 288 324 366 387 422 483 500 548 574 581 622 665 700 736 742 749 792 801 839 863 865 871 918 924 963 984 1001 1162 1164 1230 1249 1334 1341 1351 1377 1457 1474 1604 1652 1753 1756 1888 1901 1926 1937 1972 1984 2043 2045 2073 2082 2180 2214 2257 2272 2297 2319 2343 2359 2395 2481 2482 2487 2555 2570 2629 2675 2727 2770 2877 2918 3039 3076 3132 3154 3201 3222 3234 3310 3336 3385 3411 3455 3468 3547 3551 3555 3677 3758 3768 3879 3922 3964 3975 4031 4120 4127 4208 4229 4308 4338 4558 4590 4655 4703 4857 4938 4963 5015 5035 5051 5056 5080 5141 5229 5387 5423 5589 5636 5662 5693 5918 5954 6014 6078 6143 6186 6191 6291 6308 6320 6340 6532 6701 6730 6771 6787 6857 6888 6962 6971 7009 7247 7496 7529 7589 7676 7792 7804 7826 7883 7887 7918 7985;
Charset Partition_15 = 26 30 51 61 133 162 174 178 179 197 207 211 227 257 259 280 303 322 344 356 379 414 457 482 605 606 609 683 687 704 720 765 767 794 795 807 823 827 841 849 851 883 891 920 948 986 1244 1317 1364 1420 1462 1467 1515 1568 1592 1599 1629 1642 1653 1681 1708 1842 1915 1979 2011 2072 2133 2137 2149 2228 2229 2249 2327 2379 2391 2416 2473 2514 2609 2636 2638 2671 2686 2741 2805 2828 2849 2859 2883 2892 2908 2927 2928 2932 2948 2980 3009 3081 3131 3167 3185 3207 3211 3232 3239 3367 3393 3495 3506 3542 3560 3598 3601 3636 3675 3732 3804 3860 3861 3881 3895 3920 3929 3963 4074 4280 4293 4301 4305 4337 4405 4418 4424 4442 4488 4524 4619 4663 4693 4694 4713 4722 4731 4747 4807 4826 4827 4831 4848 4910 4988 4997 5033 5037 5107 5109 5145 5163 5167 5278 5292 5328 5371 5438 5473 5506 5523 5524 5529 5532 5584 5611 5721 5767 5792 5798 5964 5979 6052 6061 6084 6269 6287 6294 6295 6298 6371 6386 6397 6419 6434 6442 6447 6459 6493 6529 6568 6587 6623 6669 6727 6729 6739 6740 6742 6806 6814 6887 6908 6933 6994 7056 7109 7161 7241 7266 7348 7423 7483 7539 7593 7651 7703 7875 7897 7964 7966;
Charset Partition_16 = 4 72 75 85 150 165 184 213 273 285 295 330 333 338 358 359 369 398 440 442 446 463 477 504 532 542 543 624 663 734 791 797 869 922 943 957 1220 1282 1286 1301 1370 1379 1449 1497 1540 1544 1547 1723 1729 1757 1803 1814 1909 1927 1929 1931 1988 2001 2016 2017 2065 2111 2144 2161 2179 2217 2222 2260 2277 2342 2347 2350 2351 2368 2404 2430 2463 2467 2526 2682 2718 2728 2760 2778 2787 2794 2809 2854 2888 2912 2977 3004 3028 3111 3136 3141 3144 3149 3175 3198 3245 3256 3290 3292 3307 3348 3364 3395 3443 3451 3511 3543 3578 3623 3695 3698 3708 3716 3815 3841 3845 3884 3892 3937 3949 3978 4005 4035 4052 4078 4096 4097 4125 4166 4238 4329 4358 4368 4394 4414 4427 4458 4483 4490 4527 4571 4582 4598 4601 4603 4616 4758 4762 4773 4805 4856 4888 4893 4898 4928 4936 4942 4947 4952 5032 5173 5206 5233 5248 5256 5277 5326 5347 5441 5456 5538 5594 5606 5617 5653 5701 5737 5877 5903 5936 5975 6106 6116 6159 6178 6193 6255 6257 6307 6380 6458 6506 6546 6554 6592 6619 6624 6650 6667 6681 6711 6721 6735 6779 6797 6824 6839 6915 6916 6935 6941 6976 7033 7037 7075 7103 7110 7124 7292 7373 7450 7471 7506 7528 7532 7570 7662 7686 7693 7721 7801 7868 7872 7877 7913;
Charset Partition_17 = 12 22 34 48 56 73 76 97 114 127 163 169 173 180 201 239 243 249 264 277 298 302 320 327 347 353 365 373 375 396 407 416 418 428 444 462 479 496 526 539 540 612 627 634 654 658 672 678 679 716 732 737 744 758 798 806 814 825 835 842 843 905 909 910 962 964 975 980 997 1025 1110 1130 1143 1166 1192 1253 1313 1348 1374 1405 1649 1661 1678 1699 1737 1813 1823 1858 1859 1916 1994 2013 2053 2094 2121 2163 2202 2208 2240 2255 2267 2278 2279 2285 2293 2407 2409 2418 2425 2428 2447 2448 2460 2502 2509 2553 2618 2626 2646 2661 2672 2689 2698 2707 2708 2742 2746 2800 2830 2965 2974 2978 3012 3014 3046 3066 3068 3074 3098 3119 3129 3130 3137 3139 3163 3192 3208 3246 3259 3263 3269 3280 3301 3350 3399 3437 3441 3456 3482 3567 3574 3585 3629 3639 3653 3762 3788 3830 3849 3877 3887 3918 4001 4012 4019 4021 4022 4048 4104 4107 4123 4145 4170 4201 4247 4265 4283 4341 4351 4355 4364 4374 4379 4411 4416 4435 4448 4452 4494 4535 4542 4556 4569 4572 4586 4624 4637 4644 4668 4785 4790 4806 4813 4840 4923 4948 4951 4970 5001 5026 5039 5053 5059 5075 5157 5166 5168 5266 5367 5394 5408 5471 5482 5483 5539 5593 5669 5748 5799 5804 5817 5839 5842 5872 5879 5884 6009 6024 6035 6049 6058 6069 6079 6099 6130 6203 6214 6215 6239 6240 6284 6297 6315 6361 6374 6379 6383 6409 6412 6432 6438 6463 6484 6519 6520 6521 6552 6620 6645 6649 6674 6712 6723 6728 6763 6786 6789 6813 6843 6861 6863 6900 6928 6952 6953 6956 6963 6975 6993 7015 7026 7053 7067 7107 7137 7168 7228 7256 7258 7280 7293 7302 7392 7408 7690 7701 7718 7739 7748 7803 7839 7879 7892 7907;
Charset Partition_18 = 7 20 38 86 119 124 141 152 156 186 209 214 226 252 260 261 279 282 317 326 334 335 336 355 364 383 389 391 399 404 410 415 421 430 432 445 467 470 473 524 527 531 550 567 568 571 577 591 600 610 625 626 630 637 648 653 682 707 714 721 723 726 729 733 735 748 753 772 800 813 826 828 872 915 929 966 972 982 1008 1018 1069 1071 1093 1107 1133 1150 1157 1171 1178 1179 1199 1257 1258 1346 1384 1400 1429 1470 1475 1503 1509 1511 1534 1554 1560 1585 1586 1589 1667 1720 1734 1743 1745 1791 1799 1801 1804 1810 1825 1835 1855 1871 1875 1882 2022 2044 2046 2108 2119 2141 2168 2190 2207 2211 2225 2317 2341 2349 2365 2387 2399 2403 2412 2414 2510 2516 2529 2550 2589 2594 2612 2621 2634 2651 2663 2664 2697 2735 2740 2755 2834 2873 2937 2940 2962 2970 2984 3005 3023 3048 3052 3090 3143 3214 3244 3252 3266 3300 3302 3311 3313 3330 3332 3403 3413 3415 3436 3469 3490 3494 3507 3558 3571 3603 3626 3650 3671 3683 3696 3719 3743 3760 3786 3797 3800 3810 3816 3822 3838 3850 3905 3934 3959 3960 4011 4015 4056 4066 4067 4094 4132 4162 4172 4196 4236 4239 4243 4257 4296 4304 4327 4348 4356 4377 4392 4431 4443 4451 4497 4516 4518 4531 4540 4546 4554 4559 4561 4564 4599 4605 4610 4615 4628 4634 4640 4650 4682 4686 4704 4707 4733 4743 4749 4782 4844 4864 4883 4905 4912 4934 4957 4964 4998 5036 5058 5110 5111 5150 5158 5161 5228 5325 5373 5392 5464 5481 5512 5564 5565 5610 5626 5651 5654 5676 5709 5801 5868 5883 5904 5907 5944 5985 5999 6001 6012 6019 6047 6054 6055 6074 6076 6086 6089 6094 6123 6139 6197 6207 6234 6267 6278 6281 6292 6306 6321 6341 6357 6369 6378 6382 6384 6393 6402 6415 6453 6480 6496 6523 6543 6565 6570 6585 6629 6655 6687 6705 6720 6722 6733 6738 6791 6793 6801 6807 6819 6833 6898 6903 6904 6905 6909 6913 6918 6954 6996 7035 7071 7111 7142 7145 7151 7175 7203 7213 7223 7278 7279 7325 7357 7386 7404 7463 7473 7495 7567 7594 7623 7737 7817 7842 7864 7903 7936 7944 7979 7980 7982 7999;
Charset Partition_19 = 2 11 52 63 81 84 104 115 123 144 159 167 185 190 199 204 210 216 222 223 245 267 269 307 332 341 346 351 363 368 395 397 413 423 439 468 478 498 521 525 536 544 546 562 565 589 590 594 597 602 621 623 642 657 659 671 676 677 705 708 715 717 722 743 752 762 769 805 810 830 840 844 850 854 912 926 942 977 981 989 994 1060 1079 1088 1099 1102 1122 1176 1186 1193 1221 1227 1254 1304 1305 1335 1352 1391 1439 1448 1452 1454 1485 1490 1505 1550 1552 1558 1562 1635 1647 1663 1682 1695 1726 1857 1878 1908 1953 2004 2007 2025 2028 2039 2048 2049 2054 2057 2070 2098 2100 2118 2146 2160 2216 2233 2237 2248 2280 2294 2315 2344 2426 2431 2449 2452 2465 2471 2477 2527 2543 2547 2558 2559 2566 2579 2613 2627 2725 2737 2774 2799 2835 2885 2887 2893 2939 2955 2972 3016 3029 3099 3146 3151 3164 3166 3179 3197 3235 3249 3250 3270 3279 3282 3320 3335 3345 3346 3354 3359 3374 3376 3390 3414 3427 3453 3523 3532 3541 3554 3584 3589 3613 3631 3644 3660 3667 3688 3691 3703 3709 3714 3723 3746 3752 3843 3868 3909 3927 3981 3992 3995 4037 4046 4053 4106 4122 4154 4159 4165 4174 4186 4193 4212 4262 4286 4306 4316 4330 4335 4342 4353 4357 4363 4371 4380 4387 4456 4473 4481 4533 4537 4544 4565 4583 4597 4625 4671 4679 4687 4695 4750 4757 4772 4795 4836 4839 4868 4884 4885 4890 4892 4894 4904 4907 4908 4918 4924 4929 4953 4971 4974 5007 5014 5022 5034 5084 5223 5226 5375 5390 5404 5415 5433 5447 5522 5526 5549 5562 5570 5635 5652 5736 5739 5741 5776 5790 5864 5881 5912 5924 5941 5949 5969 5982 6003 6006 6020 6050 6082 6103 6118 6122 6131 6133 6144 6149 6154 6156 6189 6227 6251 6265 6268 6280 6301 6336 6338 6353 6389 6396 6400 6421 6433 6479 6514 6518 6559 6588 6601 6607 6610 6625 6630 6636 6646 6651 6652 6657 6672 6691 6700 6732 6752 6753 6756 6762 6777 6784 6792 6805 6828 6874 6891 6896 6917 6969 6977 6981 6983 6985 6987 6988 7001 7014 7028 7039 7041 7084 7181 7221 7248 7270 7277 7282 7375 7456 7503 7504 7512 7562 7630 7669 7786 7798 7904 7946 7995;
Charset Partition_20 = 33 43 46 58 82 90 94 106 109 126 128 143 154 155 157 164 176 194 195 230 233 234 238 242 247 251 254 255 272 276 294 305 315 319 378 381 386 388 411 436 441 469 488 494 499 515 522 529 549 551 559 563 587 611 640 652 674 680 695 696 711 712 725 731 768 774 782 784 796 818 833 834 848 862 864 868 873 874 875 896 899 902 913 917 928 938 960 968 976 983 1003 1019 1024 1047 1087 1126 1145 1180 1184 1195 1212 1265 1270 1278 1293 1309 1347 1385 1389 1409 1410 1458 1469 1477 1502 1508 1521 1531 1559 1617 1625 1636 1639 1697 1715 1742 1769 1787 1805 1826 1834 1836 1854 1939 1947 1961 1963 1965 1966 2032 2040 2078 2080 2084 2087 2120 2131 2148 2156 2167 2187 2192 2197 2205 2215 2253 2262 2271 2287 2296 2301 2321 2330 2332 2357 2360 2383 2390 2433 2443 2457 2472 2504 2517 2531 2533 2540 2548 2567 2569 2593 2606 2630 2668 2676 2681 2710 2723 2743 2756 2784 2812 2817 2821 2827 2856 2872 2876 2880 2894 2896 2901 2944 2956 2992 3000 3008 3017 3036 3037 3054 3059 3073 3079 3092 3093 3100 3104 3140 3148 3173 3187 3194 3205 3215 3247 3265 3365 3373 3375 3409 3474 3501 3522 3526 3537 3563 3580 3586 3591 3606 3616 3630 3665 3684 3686 3699 3728 3742 3769 3832 3833 3835 3840 3858 3862 3880 3916 3924 3954 3958 3969 3993 4002 4016 4042 4065 4071 4088 4095 4113 4129 4147 4151 4160 4176 4183 4197 4206 4227 4237 4245 4254 4258 4277 4279 4281 4284 4289 4294 4295 4300 4317 4321 4324 4332 4333 4366 4382 4399 4400 4419 4425 4450 4507 4514 4529 4536 4562 4613 4617 4620 4623 4626 4645 4648 4664 4674 4675 4688 4691 4711 4759 4777 4778 4830 4862 4869 4873 4897 4903 4914 4917 4980 4994 5027 5028 5067 5090 5093 5097 5124 5187 5282 5302 5312 5350 5364 5399 5412 5428 5449 5467 5567 5580 5592 5694 5702 5745 5758 5810 5819 5826 5890 5900 5963 5965 5995 5996 6008 6010 6022 6025 6030 6039 6040 6051 6072 6091 6092 6176 6202 6232 6241 6319 6329 6331 6343 6345 6346 6348 6351 6355 6364 6395 6418 6435 6439 6452 6456 6474 6481 6494 6495 6497 6498 6513 6528 6530 6542 6548 6558 6571 6586 6595 6600 6638 6648 6656 6688 6689 6692 6707 6734 6745 6776 6808 6817 6835 6837 6842 6847 6854 6881 6943 7000 7034 7158 7163 7229 7255 7316 7328 7368 7371 7390 7399 7406 7433 7441 7476 7481 7523 7606 7657 7661 7680 7709 7732 7793 7799 7874 7885 7933 7941 7957 7963 7975 7984;
Charset Partition_21 = 5 9 14 16 23 28 57 95 99 101 116 120 125 140 147 148 177 182 193 198 221 235 262 268 275 283 309 321 325 329 348 349 370 372 376 390 426 435 449 450 452 453 456 471 491 493 505 507 533 561 566 572 580 585 588 593 619 620 631 639 643 646 685 686 693 697 703 706 718 738 745 755 770 779 811 832 860 870 936 941 944 946 949 961 965 978 979 985 988 999 1002 1010 1015 1021 1125 1152 1161 1173 1174 1203 1234 1236 1262 1266 1268 1308 1314 1345 1367 1368 1375 1383 1408 1414 1423 1426 1450 1453 1460 1463 1486 1525 1545 1573 1622 1643 1671 1674 1684 1688 1710 1712 1719 1744 1762 1780 1789 1843 1860 1876 1883 1895 1899 1918 1919 1925 1990 1991 2000 2010 2014 2023 2030 2052 2056 2086 2140 2153 2162 2181 2239 2243 2292 2305 2308 2309 2313 2318 2320 2394 2398 2408 2421 2422 2441 2454 2490 2494 2496 2520 2528 2536 2542 2565 2580 2585 2610 2622 2633 2649 2662 2692 2696 2704 2729 2739 2744 2747 2766 2773 2781 2790 2803 2819 2823 2825 2862 2865 2867 2881 2889 2902 2931 2996 3002 3042 3043 3047 3065 3077 3115 3123 3133 3202 3218 3226 3251 3260 3277 3296 3297 3298 3317 3324 3331 3333 3337 3358 3366 3424 3439 3444 3467 3472 3480 3491 3498 3520 3530 3533 3539 3564 3593 3600 3611 3621 3624 3633 3635 3669 3673 3678 3693 3694 3701 3707 3744 3772 3802 3811 3814 3827 3883 3898 3912 3931 3935 3938 3947 3950 3952 3966 3976 3977 4007 4013 4023 4027 4028 4069 4080 4086 4103 4111 4136 4178 4203 4211 4253 4261 4268 4271 4287 4299 4302 4311 4334 4345 4347 4365 4381 4388 4429 4434 4457 4461 4463 4465 4468 4470 4479 4491 4496 4503 4520 4521 4530 4539 4545 4550 4555 4557 4607 4630 4660 4676 4700 4705 4714 4760 4774 4784 4814 4834 4838 4841 4854 4871 4876 4899 4902 4909 4911 4921 4925 4926 4939 4949 4956 5006 5021 5063 5137 5177 5221 5232 5257 5341 5351 5362 5378 5386 5425 5435 5457 5463 5486 5494 5517 5563 5624 5667 5680 5684 5688 5707 5742 5750 5762 5766 5779 5788 5800 5827 5851 5852 5885 5891 5898 5921 5925 5930 5933 5943 6015 6046 6075 6087 6095 6120 6132 6134 6135 6136 6152 6164 6165 6167 6171 6183 6223 6224 6233 6247 6266 6272 6290 6309 6325 6332 6399 6404 6426 6431 6444 6445 6475 6489 6500 6503 6509 6525 6535 6553 6557 6572 6581 6609 6613 6631 6668 6671 6690 6693 6703 6748 6759 6768 6796 6810 6823 6826 6830 6852 6853 6864 6871 6872 6878 6882 6886 6889 6893 6895 6899 6911 6926 6931 6936 6944 6958 6965 6999 7006 7036 7045 7058 7080 7101 7157 7243 7300 7364 7394 7401 7419 7438 7447 7467 7482 7494 7565 7595 7611 7648 7658 7708 7736 7747 7758 7788 7810 7849 7851 7884 7898 7924;
Charset Partition_22 = 10 15 17 31 49 53 68 83 92 98 110 113 131 136 146 153 175 183 191 200 215 225 231 350 352 382 392 403 409 429 437 476 509 512 513 516 519 520 541 558 560 564 604 645 661 662 669 670 694 698 702 764 775 777 780 788 802 803 812 824 846 853 887 898 919 932 990 993 1017 1037 1043 1048 1061 1072 1095 1108 1114 1144 1214 1217 1225 1243 1250 1252 1280 1288 1329 1340 1342 1355 1360 1366 1392 1402 1404 1436 1438 1455 1456 1464 1465 1504 1574 1583 1588 1598 1605 1609 1628 1638 1657 1683 1687 1692 1694 1700 1705 1706 1725 1759 1765 1818 1824 1873 1889 1890 1917 1941 1943 1962 2026 2055 2066 2093 2096 2101 2113 2142 2151 2152 2155 2174 2185 2195 2204 2226 2244 2306 2324 2336 2337 2340 2345 2369 2400 2406 2434 2453 2483 2489 2506 2508 2515 2525 2546 2560 2563 2571 2574 2576 2578 2605 2617 2645 2647 2654 2659 2684 2687 2693 2700 2715 2719 2759 2776 2785 2826 2833 2855 2860 2870 2919 2934 2936 2963 2987 2989 2998 3003 3018 3020 3032 3040 3049 3083 3085 3087 3107 3153 3158 3160 3162 3172 3180 3181 3183 3186 3189 3195 3196 3230 3242 3274 3278 3284 3289 3303 3306 3322 3327 3329 3351 3361 3372 3377 3379 3382 3396 3398 3407 3420 3423 3433 3446 3476 3478 3510 3514 3545 3546 3553 3557 3568 3596 3605 3612 3614 3622 3628 3664 3681 3682 3685 3689 3690 3721 3737 3754 3755 3756 3792 3812 3829 3836 3873 3874 3890 3899 3900 3902 3915 3942 3953 3957 3962 3985 3999 4026 4038 4062 4073 4081 4082 4090 4110 4114 4141 4148 4161 4163 4180 4185 4194 4213 4232 4240 4244 4249 4274 4297 4307 4318 4320 4339 4350 4361 4373 4445 4474 4478 4482 4485 4505 4515 4519 4528 4549 4551 4553 4567 4568 4579 4584 4588 4594 4600 4609 4612 4665 4667 4683 4685 4692 4702 4719 4724 4740 4745 4751 4783 4800 4816 4819 4820 4829 4843 4845 4870 4906 4927 4931 4940 4961 4965 4966 4968 4976 4978 4985 4986 4993 4995 5060 5062 5066 5071 5091 5096 5101 5102 5135 5155 5171 5184 5207 5214 5254 5260 5270 5273 5300 5316 5322 5327 5332 5342 5368 5411 5434 5493 5528 5534 5542 5544 5545 5554 5585 5588 5618 5657 5689 5708 5740 5837 5844 5876 5880 5887 5922 5937 5947 5983 6004 6005 6007 6013 6016 6017 6027 6057 6062 6063 6071 6081 6096 6105 6108 6115 6137 6140 6157 6161 6163 6181 6187 6188 6195 6196 6201 6210 6218 6229 6230 6231 6237 6246 6248 6252 6253 6271 6276 6312 6318 6323 6327 6352 6365 6401 6425 6428 6460 6461 6462 6488 6499 6501 6502 6515 6533 6537 6539 6550 6577 6603 6611 6614 6632 6653 6654 6659 6663 6666 6694 6696 6702 6710 6775 6802 6818 6822 6844 6845 6849 6855 6860 6876 6879 6883 6907 6914 6919 6947 6949 6950 6957 6972 6973 7007 7083 7303 7369 7415 7428 7538 7542 7599 7617 7635 7689 7740 7750 7763 7779 7790 7870 7896 7949 7954 7956 7989 7996;
Charset Partition_23 = 13 18 25 32 37 54 65 74 122 130 135 171 172 203 246 258 289 342 367 393 394 401 405 514 523 528 535 552 553 556 569 575 583 614 644 656 668 681 689 690 747 773 778 785 787 815 817 819 821 829 837 858 878 884 894 897 939 953 971 987 998 1007 1045 1062 1076 1078 1090 1109 1167 1239 1261 1263 1267 1283 1290 1291 1296 1307 1331 1337 1339 1350 1353 1363 1369 1371 1380 1401 1403 1422 1432 1440 1441 1471 1519 1529 1546 1553 1567 1569 1579 1659 1691 1713 1716 1727 1736 1750 1761 1773 1792 1808 1832 1884 1887 1905 1912 1956 1980 1993 2021 2024 2035 2061 2074 2089 2109 2127 2136 2138 2194 2199 2209 2224 2256 2258 2261 2281 2286 2299 2303 2322 2326 2328 2353 2363 2373 2377 2385 2393 2405 2413 2470 2479 2500 2507 2519 2541 2572 2577 2587 2600 2601 2640 2656 2667 2702 2722 2732 2733 2749 2762 2786 2793 2796 2811 2813 2814 2822 2836 2864 2878 2898 2905 2906 2911 2923 2930 2991 3007 3010 3044 3080 3091 3096 3097 3142 3204 3212 3217 3224 3227 3243 3262 3271 3275 3276 3286 3287 3288 3304 3305 3315 3323 3344 3355 3363 3378 3381 3383 3391 3400 3410 3412 3422 3426 3434 3448 3464 3466 3471 3473 3475 3479 3481 3489 3496 3502 3508 3519 3527 3529 3570 3575 3579 3590 3599 3618 3638 3641 3659 3661 3674 3692 3704 3718 3725 3727 3736 3745 3757 3765 3776 3780 3790 3791 3794 3795 3799 3805 3806 3817 3820 3821 3859 3867 3869 3886 3889 3893 3921 3926 3943 3979 3984 3989 4010 4040 4041 4047 4051 4077 4099 4100 4115 4118 4119 4126 4146 4153 4181 4182 4184 4191 4215 4217 4221 4234 4250 4256 4259 4263 4269 4275 4309 4314 4323 4325 4352 4386 4396 4397 4403 4406 4421 4422 4433 4449 4455 4459 4460 4462 4466 4475 4492 4493 4510 4566 4575 4578 4596 4606 4614 4666 4669 4673 4678 4684 4715 4720 4721 4742 4744 4754 4761 4775 4796 4809 4811 4824 4833 4846 4847 4855 4867 4887 4891 4920 4933 4944 4954 4967 4972 4979 4984 5000 5031 5070 5086 5092 5095 5100 5128 5148 5180 5191 5199 5208 5238 5246 5251 5255 5265 5291 5294 5296 5315 5320 5335 5358 5396 5401 5406 5413 5417 5419 5422 5427 5432 5437 5455 5484 5502 5530 5531 5540 5541 5552 5561 5569 5582 5583 5590 5599 5614 5718 5723 5729 5732 5773 5775 5777 5783 5786 5870 5896 5913 5935 6045 6053 6068 6085 6088 6090 6100 6112 6127 6141 6142 6145 6150 6168 6169 6174 6208 6212 6222 6235 6236 6245 6249 6261 6263 6289 6333 6337 6349 6356 6358 6367 6375 6394 6422 6437 6467 6490 6510 6538 6560 6567 6569 6573 6575 6615 6618 6627 6633 6660 6683 6697 6737 6758 6767 6780 6782 6825 6867 6868 6869 6873 6877 6880 6910 6921 6930 6932 6938 6946 6991 6995 7021 7022 7060 7070 7093 7102 7135 7150 7194 7299 7314 7342 7350 7353 7411 7431 7455 7464 7484 7551 7625 7626 7673 7745 7753 7762 7900 7902 7922 7930 7931 7937 7945;
Charset Partition_24 = 6 8 50 60 78 80 105 108 139 181 196 202 205 220 232 240 248 263 265 274 281 284 290 311 312 313 318 331 354 357 374 412 424 427 433 447 455 480 485 508 518 576 599 617 688 756 781 831 867 877 879 890 892 921 933 934 935 937 959 973 1035 1038 1041 1068 1075 1085 1116 1119 1127 1132 1136 1175 1189 1211 1213 1218 1222 1231 1233 1275 1302 1310 1359 1378 1386 1390 1473 1479 1480 1488 1491 1500 1510 1513 1532 1555 1572 1575 1580 1596 1627 1632 1655 1658 1675 1686 1698 1701 1718 1735 1794 1806 1816 1817 1828 1830 1870 1879 1892 1924 1933 1935 1950 1958 1997 1998 2042 2047 2062 2085 2088 2102 2105 2110 2117 2122 2135 2147 2154 2157 2165 2170 2172 2175 2176 2183 2189 2193 2201 2252 2264 2270 2282 2312 2314 2323 2361 2371 2396 2410 2419 2423 2456 2464 2474 2476 2495 2521 2530 2532 2554 2586 2598 2608 2616 2625 2635 2637 2642 2658 2665 2694 2714 2731 2751 2771 2782 2795 2798 2807 2829 2831 2866 2884 2915 2942 2946 2973 2986 3006 3021 3025 3027 3035 3056 3064 3069 3109 3114 3147 3157 3169 3177 3190 3273 3281 3339 3352 3362 3388 3408 3416 3457 3458 3465 3524 3562 3572 3573 3587 3592 3594 3647 3649 3663 3722 3733 3740 3751 3778 3779 3819 3834 3842 3847 3854 3856 3870 3907 3910 3913 3914 3925 3933 3936 3990 3994 4006 4030 4045 4050 4060 4084 4109 4133 4144 4156 4157 4171 4173 4179 4195 4214 4218 4220 4231 4248 4252 4273 4276 4319 4322 4369 4376 4383 4384 4395 4401 4412 4420 4426 4453 4454 4467 4480 4495 4500 4501 4509 4534 4538 4543 4563 4574 4591 4592 4618 4633 4656 4690 4706 4709 4723 4728 4730 4732 4737 4738 4746 4755 4765 4770 4776 4789 4791 4803 4815 4818 4825 4842 4849 4852 4853 4859 4860 4877 4881 4886 4896 4900 4913 4919 4922 4977 4981 4987 4991 5003 5010 5016 5061 5074 5076 5083 5105 5117 5134 5146 5160 5162 5194 5201 5210 5216 5239 5244 5269 5284 5289 5290 5303 5314 5334 5336 5353 5355 5372 5400 5409 5426 5452 5454 5458 5474 5509 5548 5576 5581 5609 5656 5661 5664 5665 5675 5691 5715 5746 5765 5770 5771 5791 5795 5808 5809 5814 5823 5825 5846 5847 5856 5867 5871 5878 5899 5908 5931 5939 5940 5955 5957 5972 5993 6033 6042 6043 6059 6064 6125 6128 6147 6173 6190 6199 6243 6259 6288 6317 6326 6334 6342 6354 6359 6360 6370 6376 6398 6413 6423 6427 6449 6487 6491 6534 6536 6540 6545 6549 6556 6563 6576 6608 6621 6622 6635 6641 6673 6675 6679 6685 6695 6699 6715 6717 6725 6743 6746 6754 6760 6764 6799 6811 6812 6820 6832 6859 6862 6866 6875 6884 6890 6906 6924 6961 6966 6992 7013 7097 7127 7166 7206 7226 7257 7260 7304 7322 7422 7457 7479 7488 7522 7530 7536 7544 7579 7584 7585 7646 7664 7667 7773 7876 7890 7912 7965;
Charset Partition_25 = 21 40 55 69 70 87 88 100 160 170 188 208 219 244 271 287 297 337 345 362 371 406 434 464 474 511 554 592 607 655 667 751 820 822 836 838 866 876 888 889 903 911 951 954 958 996 1000 1004 1030 1052 1054 1058 1064 1089 1097 1101 1111 1113 1115 1146 1154 1158 1163 1201 1209 1272 1299 1323 1356 1357 1376 1387 1395 1421 1506 1512 1520 1523 1536 1537 1595 1615 1637 1672 1673 1685 1704 1707 1730 1747 1764 1778 1793 1822 1833 1841 1849 1864 1897 1942 1944 1946 1986 1992 2009 2031 2037 2058 2060 2064 2071 2075 2115 2123 2132 2134 2158 2164 2173 2219 2220 2230 2232 2236 2238 2251 2288 2302 2334 2358 2389 2392 2397 2427 2432 2437 2458 2478 2497 2512 2518 2523 2552 2557 2584 2590 2592 2624 2641 2657 2670 2677 2678 2688 2690 2695 2709 2711 2724 2738 2745 2753 2757 2767 2783 2797 2820 2839 2847 2858 2882 2895 2914 2920 2922 2951 2959 2960 2961 2979 3024 3062 3072 3086 3118 3125 3127 3134 3168 3176 3216 3221 3240 3241 3267 3283 3295 3314 3318 3369 3370 3384 3389 3392 3404 3421 3430 3431 3445 3459 3477 3483 3484 3486 3493 3497 3500 3509 3531 3548 3550 3559 3576 3588 3607 3610 3619 3640 3642 3645 3652 3658 3702 3705 3713 3738 3750 3761 3771 3784 3787 3803 3824 3826 3839 3848 3863 3865 3872 3878 3882 3891 3923 3946 3948 3972 3986 3998 4000 4009 4032 4043 4049 4063 4087 4124 4142 4149 4152 4158 4164 4167 4175 4177 4187 4189 4190 4204 4224 4226 4233 4264 4290 4292 4303 4326 4331 4340 4349 4375 4378 4389 4390 4408 4409 4415 4436 4441 4444 4446 4469 4484 4487 4498 4513 4526 4532 4547 4593 4611 4631 4635 4647 4653 4658 4659 4661 4677 4699 4701 4725 4752 4766 4768 4769 4786 4788 4798 4812 4822 4823 4832 4850 4861 4865 4875 4879 4889 4960 4973 5011 5013 5024 5054 5065 5079 5081 5106 5121 5123 5136 5139 5140 5156 5172 5182 5188 5219 5245 5250 5275 5297 5304 5306 5313 5343 5439 5443 5459 5479 5503 5566 5595 5601 5628 5642 5673 5683 5695 5706 5711 5712 5713 5753 5761 5816 5818 5822 5824 5831 5836 5845 5902 5909 5923 5945 5981 5991 6023 6056 6066 6070 6073 6093 6107 6109 6117 6124 6151 6170 6182 6211 6219 6226 6250 6270 6277 6296 6313 6314 6316 6373 6385 6387 6392 6411 6440 6450 6470 6473 6483 6517 6522 6531 6555 6561 6564 6578 6591 6596 6642 6658 6665 6680 6686 6736 6744 6749 6755 6761 6772 6781 6785 6794 6800 6815 6851 6892 6894 6937 6940 6967 6984 6997 7122 7128 7152 7155 7192 7207 7230 7238 7246 7269 7327 7334 7335 7336 7351 7383 7395 7435 7443 7445 7486 7508 7534 7540 7549 7564 7609 7612 7650 7655 7681 7729 7741 7800 7841 7844 7880 7881 7908 7921 7939 7943 7948 7967 7972;
Charset Partition_26 = 36 62 89 112 117 253 339 431 443 458 547 570 586 618 632 664 673 709 761 763 799 845 855 885 893 907 914 955 1012 1022 1077 1080 1081 1082 1094 1123 1138 1139 1142 1183 1188 1210 1216 1235 1251 1281 1289 1311 1328 1330 1394 1398 1406 1415 1419 1427 1442 1443 1445 1446 1451 1459 1481 1482 1527 1538 1542 1557 1591 1607 1608 1641 1648 1660 1676 1760 1767 1772 1776 1786 1795 1800 1821 1838 1845 1856 1861 1865 1867 1868 1877 1938 1951 1954 1974 1982 2027 2063 2076 2077 2079 2090 2166 2200 2206 2223 2234 2242 2283 2307 2311 2325 2333 2339 2378 2380 2384 2436 2438 2480 2513 2537 2545 2575 2596 2607 2628 2648 2650 2673 2679 2699 2768 2791 2792 2804 2824 2838 2852 2853 2863 2897 2907 2909 2926 2933 2949 2950 2953 2958 2968 2981 2983 2994 2997 3011 3038 3045 3051 3063 3089 3101 3122 3128 3135 3145 3152 3155 3170 3223 3237 3255 3291 3299 3309 3325 3328 3342 3347 3371 3450 3452 3454 3463 3505 3512 3534 3536 3538 3549 3556 3569 3615 3632 3643 3662 3668 3672 3711 3763 3781 3798 3801 3807 3809 3853 3855 3876 3901 3911 3917 3955 3974 4008 4020 4029 4054 4057 4058 4061 4075 4079 4083 4091 4098 4143 4198 4209 4219 4230 4242 4255 4267 4282 4288 4291 4312 4328 4372 4423 4430 4432 4472 4502 4517 4523 4548 4576 4580 4627 4629 4641 4642 4689 4708 4710 4712 4729 4735 4771 4801 4821 4828 4837 4858 4915 4950 4992 4996 5005 5017 5018 5019 5025 5030 5038 5078 5087 5089 5094 5116 5120 5129 5192 5193 5218 5236 5243 5267 5295 5305 5308 5309 5310 5337 5339 5340 5349 5381 5388 5393 5405 5410 5414 5429 5431 5451 5470 5472 5475 5478 5487 5498 5507 5508 5514 5536 5579 5600 5603 5604 5619 5621 5625 5627 5631 5632 5633 5637 5638 5640 5647 5649 5659 5681 5685 5696 5705 5720 5724 5726 5728 5731 5752 5802 5820 5829 5830 5858 5865 5873 5901 5914 5946 5948 5968 6065 6097 6114 6119 6129 6179 6200 6242 6258 6262 6273 6282 6283 6285 6286 6300 6302 6303 6344 6368 6377 6391 6410 6441 6464 6485 6507 6541 6562 6589 6590 6593 6604 6606 6617 6643 6661 6684 6704 6706 6708 6714 6718 6726 6747 6765 6774 6788 6804 6809 6816 6821 6829 6831 6840 6846 6885 6920 6925 6959 6964 6978 7011 7027 7029 7031 7076 7078 7089 7147 7148 7173 7184 7187 7188 7214 7232 7252 7254 7261 7265 7276 7331 7339 7341 7349 7396 7410 7414 7417 7427 7429 7432 7485 7493 7509 7526 7545 7561 7576 7583 7603 7638 7642 7649 7652 7688 7695 7716 7731 7765 7781 7783 7808 7823 7827 7829 7871 7899 7923 7968 7983;
Charset Partition_27 = 47 118 121 158 161 168 308 314 380 475 557 584 595 666 808 886 906 995 1009 1016 1029 1040 1042 1067 1121 1131 1137 1160 1169 1172 1177 1198 1219 1260 1279 1285 1295 1297 1318 1327 1358 1407 1416 1434 1437 1476 1494 1495 1496 1518 1524 1556 1561 1587 1606 1610 1618 1623 1654 1670 1689 1714 1755 1844 1847 1866 1869 1874 1904 1921 1960 1968 1981 1983 2005 2012 2041 2051 2059 2099 2112 2114 2125 2129 2177 2235 2269 2289 2300 2331 2335 2355 2356 2372 2402 2424 2445 2459 2462 2468 2538 2564 2573 2582 2583 2599 2603 2611 2644 2701 2706 2713 2720 2721 2748 2754 2758 2769 2802 2808 2837 2843 2846 2851 2861 2868 2886 2891 2904 2913 2917 2941 2943 2967 2988 2995 3034 3041 3067 3103 3124 3126 3161 3165 3171 3178 3184 3200 3206 3220 3233 3253 3254 3257 3258 3293 3312 3386 3401 3417 3428 3432 3438 3449 3521 3566 3582 3637 3666 3670 3680 3715 3729 3730 3748 3753 3766 3774 3837 3851 3857 3888 3940 3967 3973 3980 4034 4102 4121 4131 4134 4192 4199 4222 4225 4241 4270 4313 4344 4346 4359 4370 4385 4393 4413 4471 4486 4504 4552 4581 4589 4638 4649 4651 4718 4727 4734 4736 4764 4767 4780 4787 4799 4835 4851 4878 4882 4895 4941 4999 5049 5072 5098 5104 5126 5143 5152 5154 5159 5165 5179 5185 5198 5200 5224 5240 5252 5264 5268 5281 5288 5324 5330 5333 5338 5359 5360 5379 5380 5383 5402 5420 5430 5445 5480 5505 5510 5516 5520 5525 5547 5560 5613 5629 5663 5666 5671 5687 5699 5704 5717 5722 5738 5743 5769 5780 5787 5805 5833 5834 5857 5860 5905 5917 5927 5953 5958 5992 5994 5997 6002 6031 6032 6044 6113 6138 6148 6153 6162 6172 6175 6205 6216 6275 6322 6363 6372 6381 6390 6414 6424 6465 6468 6471 6477 6504 6505 6512 6526 6551 6594 6598 6662 6677 6716 6719 6750 6795 6827 6870 6929 6968 7010 7017 7025 7063 7086 7092 7116 7136 7180 7185 7198 7208 7218 7244 7245 7275 7310 7312 7324 7326 7333 7374 7385 7413 7474 7490 7517 7547 7554 7563 7581 7582 7637 7640 7683 7684 7711 7719 7806 7807 7814 7825 7833 7857 7901 7947 7955 7981;
Charset Partition_28 = 44 77 166 192 224 361 384 472 490 495 517 555 598 638 684 719 750 816 901 925 927 930 952 1020 1023 1026 1034 1053 1092 1106 1149 1170 1182 1204 1228 1232 1237 1241 1242 1259 1264 1382 1388 1417 1418 1444 1478 1489 1492 1522 1526 1541 1571 1578 1619 1620 1630 1633 1650 1662 1677 1709 1711 1731 1740 1775 1815 1850 1852 1893 1932 1949 1969 1976 1995 2095 2124 2139 2159 2169 2182 2184 2196 2213 2241 2246 2276 2291 2310 2367 2375 2382 2439 2469 2488 2503 2535 2549 2562 2660 2680 2734 2772 2780 2789 2801 2818 2845 2848 2869 2871 2875 2879 2900 2916 2924 2938 2975 3001 3015 3019 3022 3033 3055 3061 3094 3095 3105 3116 3120 3121 3159 3182 3203 3228 3229 3334 3353 3380 3387 3405 3419 3442 3447 3462 3488 3515 3518 3525 3604 3609 3625 3634 3656 3726 3749 3818 3828 3831 3844 3846 3871 3908 3939 3941 3956 3968 3982 4025 4033 4068 4108 4130 4188 4200 4210 4223 4228 4235 4246 4251 4336 4404 4438 4439 4489 4508 4570 4657 4681 4696 4698 4779 4880 4916 4935 4989 5029 5048 5064 5073 5077 5108 5114 5118 5122 5153 5195 5220 5225 5230 5235 5242 5253 5271 5274 5276 5286 5317 5361 5363 5370 5382 5384 5385 5389 5391 5395 5421 5424 5485 5491 5555 5556 5559 5577 5587 5615 5616 5655 5714 5719 5760 5772 5796 5806 5807 5850 5862 5882 5894 5910 5916 5929 5932 5938 6000 6034 6037 6041 6077 6098 6158 6185 6220 6238 6328 6482 6544 6574 6580 6626 6664 6698 6724 6731 6757 6769 6778 6803 6838 6841 6922 6923 6948 6970 6974 6982 6990 7016 7054 7062 7066 7068 7072 7091 7095 7100 7108 7121 7154 7165 7210 7236 7273 7288 7291 7301 7306 7309 7315 7340 7355 7359 7402 7434 7458 7505 7514 7520 7548 7553 7566 7601 7604 7608 7619 7633 7656 7665 7666 7699 7706 7713 7724 7726 7746 7771 7784 7813 7818 7819 7837 7850 7925 7935 7969;
Charset Partition_29 = 42 79 145 151 189 217 228 237 316 377 545 608 649 710 730 741 754 847 859 1051 1063 1074 1105 1128 1134 1156 1226 1245 1287 1336 1362 1433 1447 1493 1498 1535 1549 1576 1600 1621 1634 1646 1724 1738 1771 1782 1796 1802 1820 1894 1903 1906 1907 1910 1948 1952 1957 1967 1989 2002 2020 2036 2083 2103 2116 2126 2203 2245 2263 2266 2388 2415 2440 2450 2451 2505 2544 2604 2653 2703 2750 2752 2761 2779 2910 2929 2954 2976 2999 3031 3057 3082 3106 3108 3110 3112 3219 3264 3319 3340 3535 3561 3602 3620 3648 3735 3741 3747 3777 3789 3823 3885 3897 3904 3961 3965 3983 3997 4017 4044 4059 4105 4139 4202 4354 4367 4398 4410 4437 4512 4577 4587 4636 4670 4726 4781 4794 4797 4804 4959 4962 4983 5042 5050 5052 5055 5147 5190 5259 5263 5298 5301 5319 5436 5489 5490 5515 5557 5602 5608 5639 5660 5677 5716 5727 5733 5744 5756 5764 5794 5828 5840 5855 5888 5889 5942 5952 5959 5967 5970 6026 6029 6038 6104 6110 6160 6184 6254 6350 6403 6405 6406 6416 6443 6455 6457 6492 6516 6597 6639 6640 6682 6848 6897 6945 6951 6979 7046 7052 7055 7074 7133 7159 7171 7182 7201 7204 7215 7220 7297 7337 7379 7393 7409 7412 7421 7437 7459 7492 7502 7510 7559 7578 7580 7588 7615 7627 7639 7663 7702 7712 7733 7756 7770 7777 7789 7805 7840 7855 7858 7862 7910 7938 7970;
Charset Partition_30 = 27 206 292 385 402 497 538 582 613 660 675 880 881 882 950 1011 1083 1153 1187 1191 1223 1284 1303 1344 1425 1530 1640 1668 1679 1696 1751 1752 1754 1788 1790 1798 1851 1853 1898 1923 1945 1971 2015 2034 2038 2050 2092 2218 2250 2274 2338 2346 2386 2420 2455 2475 2499 2501 2522 2602 2619 2620 2655 2716 2764 2788 2857 2925 2957 2985 3013 3078 3191 3231 3308 3338 3418 3425 3429 3435 3627 3896 3970 4003 4070 4085 4101 4168 4360 4447 4499 4511 4541 4604 4608 4652 4866 4901 5043 5068 5112 5113 5119 5125 5127 5132 5138 5170 5176 5178 5222 5231 5262 5346 5365 5377 5397 5403 5442 5448 5461 5469 5497 5533 5546 5553 5612 5622 5650 5670 5672 5674 5692 5734 5754 5781 5784 5811 5832 5854 5893 5915 5928 5956 5962 5977 6036 6121 6155 6366 6388 6454 6469 6508 6582 6612 6676 6960 6980 7049 7106 7114 7117 7134 7160 7189 7225 7268 7284 7362 7370 7381 7384 7388 7400 7405 7420 7439 7444 7449 7516 7555 7572 7592 7624 7631 7647 7671 7723 7742 7752 7761 7766 7776 7780 7820 7824 7834 7847 7878 7894 7914 7961 7977;
Charset Partition_31 = 24 41 129 400 615 776 804 895 940 974 1013 1059 1098 1104 1141 1155 1159 1206 1319 1321 1325 1354 1361 1365 1428 1431 1435 1487 1570 1601 1616 1651 1749 1770 1783 1785 1809 1900 1920 1959 1977 1987 2019 2130 2188 2210 2231 2259 2265 2290 2484 2534 2591 2614 2639 2705 2810 2952 2969 3026 3058 3225 3349 3360 3368 3513 3540 3597 3676 3697 3700 4138 4216 4272 4391 4573 4662 4680 4756 4937 4943 4969 5008 5047 5130 5144 5287 5307 5356 5440 5466 5537 5558 5571 5596 5605 5678 5768 5778 5813 5906 5961 6021 6102 6304 6362 6407 6451 6476 6579 6583 6670 6678 6709 6834 6858 6912 7008 7024 7064 7126 7140 7143 7153 7176 7177 7195 7211 7231 7251 7263 7281 7295 7332 7343 7345 7363 7378 7451 7452 7472 7491 7498 7507 7513 7560 7596 7598 7605 7621 7622 7641 7659 7677 7678 7694 7697 7715 7720 7730 7785 7791 7795 7802 7828 7832 7846 7860 7873 7891 7906 7911 7917 7919 7950 7958;
Charset Partition_32 = 138 142 212 218 229 296 300 301 328 340 417 438 492 503 579 616 635 641 650 691 692 728 746 766 771 786 789 790 809 908 956 969 991 1006 1014 1031 1032 1036 1039 1044 1046 1049 1055 1066 1084 1091 1096 1103 1117 1129 1140 1147 1148 1165 1194 1197 1200 1202 1207 1208 1229 1238 1247 1248 1269 1294 1298 1300 1306 1315 1320 1322 1324 1372 1381 1393 1396 1399 1413 1424 1430 1468 1472 1483 1484 1499 1501 1507 1516 1533 1543 1551 1563 1566 1581 1582 1584 1597 1602 1611 1612 1624 1631 1645 1665 1680 1690 1693 1702 1703 1717 1721 1722 1728 1739 1741 1748 1758 1768 1774 1777 1779 1781 1784 1797 1811 1812 1819 1827 1829 1831 1840 1846 1863 1886 1891 1896 1913 1914 1922 1936 1964 1973 1975 1978 1996 1999 2003 2008 2018 2029 2033 2069 2107 2143 2145 2178 2191 2198 2221 2254 2273 2275 2295 2298 2316 2329 2348 2352 2354 2362 2370 2376 2429 2442 2444 2446 2461 2466 2486 2492 2493 2539 2556 2588 2595 2632 2666 2683 2685 2691 2712 2726 2736 2775 2777 2816 2842 2844 2850 2890 2921 2964 2971 2982 2993 3030 3060 3070 3071 3075 3088 3102 3156 3188 3193 3199 3261 3285 3316 3341 3356 3397 3461 3499 3503 3504 3528 3544 3552 3577 3583 3595 3654 3655 3657 3679 3717 3720 3724 3731 3767 3773 3775 3793 3813 3864 3866 3919 3928 3930 3951 3971 3987 3988 3996 4018 4036 4076 4117 4135 4150 4169 4260 4278 4310 4315 4417 4506 4525 4622 4639 4654 4672 4716 4990 5004 5012 5020 5040 5044 5046 5057 5069 5085 5088 5099 5115 5131 5133 5149 5164 5169 5174 5183 5189 5196 5197 5202 5204 5205 5209 5211 5212 5215 5217 5227 5234 5283 5311 5318 5321 5323 5329 5331 5344 5345 5352 5354 5366 5374 5376 5398 5407 5416 5444 5446 5453 5462 5465 5468 5477 5488 5492 5500 5513 5521 5527 5535 5543 5550 5551 5568 5572 5573 5574 5575 5578 5586 5591 5597 5598 5607 5634 5641 5643 5644 5645 5679 5682 5697 5698 5700 5710 5725 5730 5735 5749 5751 5755 5757 5759 5774 5782 5785 5789 5797 5812 5815 5821 5835 5838 5843 5848 5853 5859 5861 5866 5869 5911 5919 5926 5934 5950 5951 5960 5973 5978 5986 5987 5990 5998 6083 6177 6192 6194 6206 6209 6213 6225 6293 6305 6324 6330 6430 6466 6599 6605 6751 6836 6901 6934 6955 7003 7004 7005 7012 7018 7019 7020 7030 7038 7040 7042 7043 7044 7047 7048 7050 7057 7061 7065 7069 7073 7077 7079 7081 7085 7087 7088 7090 7094 7096 7098 7099 7104 7105 7112 7113 7115 7118 7119 7120 7123 7125 7129 7130 7131 7132 7138 7139 7144 7146 7149 7156 7162 7164 7169 7170 7172 7174 7178 7179 7183 7190 7191 7193 7196 7197 7199 7200 7202 7205 7209 7212 7216 7217 7219 7222 7224 7227 7234 7235 7239 7240 7242 7250 7253 7259 7262 7264 7267 7271 7274 7283 7286 7287 7289 7290 7294 7296 7298 7305 7307 7308 7311 7313 7317 7318 7319 7321 7323 7329 7330 7338 7344 7346 7352 7354 7356 7358 7360 7361 7365 7366 7372 7376 7377 7380 7382 7389 7391 7397 7398 7403 7407 7416 7424 7425 7426 7430 7436 7440 7442 7446 7448 7453 7454 7461 7462 7465 7466 7468 7469 7470 7475 7477 7478 7480 7487 7489 7497 7500 7515 7521 7525 7527 7531 7533 7535 7537 7541 7543 7546 7550 7552 7556 7557 7558 7568 7569 7571 7573 7574 7575 7577 7586 7587 7590 7591 7597 7600 7602 7607 7613 7614 7616 7618 7628 7629 7632 7634 7643 7644 7645 7660 7670 7672 7674 7675 7679 7682 7685 7687 7691 7692 7696 7698 7700 7704 7705 7707 7710 7714 7717 7722 7725 7727 7728 7734 7735 7738 7743 7744 7749 7751 7754 7755 7757 7759 7760 7764 7767 7768 7769 7772 7774 7775 7778 7782 7787 7794 7796 7797 7809 7811 7812 7815 7816 7821 7822 7830 7831 7835 7836 7838 7843 7845 7848 7852 7853 7854 7856 7859 7861 7865 7866 7867 7869 7882 7888 7889 7893 7905 7909 7915 7916 7926 7927 7928 7929 7932 7934 7940 7942 7951 7952 7953 7959 7960 7962 7973 7978 7986 7987 7990 7991 7992 7993 7994 7997 7998 8000;
partition Partitions = 32: Partition_1, Partition_2, Partition_3, Partition_4, Partition_5, Partition_6, Partition_7, Partition_8, Partition_9, Partition_10, Partition_11, Partition_12, Partition_13, Partition_14, Partition_15, Partition_16, Partition_17, Partition_18, Partition_19, Partition_20, Partition_21, Partition_22, Partition_23, Partition_24, Partition_25, Partition_26, Partition_27, Partition_28, Partition_29, Partition_30, Partition_31, Partition_32;
set partition = Partitions;


PHYLIP  style
DNA, Partition_1 = 2631, 5863, 7976
DNA, Partition_2 = 1050, 1190, 1333, 5518
DNA, Partition_3 = 93, 904, 1807, 1902, 1928, 2068, 2247, 3710, 3944, 5272, 6264
DNA, Partition_4 = 1332, 1626, 1970, 2284, 3764, 4955, 5875, 6217
DNA, Partition_5 = 270, 760, 1056, 1312, 1565, 2763, 4741, 5203, 5920, 6335, 6998
DNA, Partition_6 = 45, 291, 537, 633, 1185, 1196, 1256, 1594, 1848, 1985, 2304, 2401, 2615, 3852, 4763, 4810, 5082, 5151, 5418, 5476, 5496, 5504, 6126, 6244, 6478, 6547, 6770, 7082
DNA, Partition_7 = 59, 573, 628, 947, 1224, 1343, 1664, 1732, 1766, 1911, 2417, 2581, 3210, 3238, 3516, 4112, 4476, 4522, 4632, 5186, 5237, 5258, 5285, 5630, 5874, 5976, 6616, 7186, 7237, 7518
DNA, Partition_8 = 343, 699, 1005, 1215, 1273, 1274, 1528, 1539, 1603, 1881, 2171, 2623, 2674, 3084, 3783, 4039, 4116, 4477, 4930, 5045, 5280, 5293, 5623, 5763, 6018, 6274, 6436, 6448, 6798, 7059, 7499, 7620, 7863
DNA, Partition_9 = 250, 306, 420, 425, 739, 759, 916, 1070, 1112, 1277, 1349, 1411, 1593, 1872, 1930, 1934, 1940, 2268, 2568, 2643, 2669, 2806, 3248, 3272, 3294, 3321, 3565, 3906, 4343, 4402, 4595, 4958, 5041, 5103, 5142, 5348, 5357, 5450, 5511, 5849, 5966, 6048, 6146, 6166, 6279, 6417, 6486, 6647, 6741, 6773, 6927, 7002, 7023, 7347
DNA, Partition_10 = 71, 91, 107, 236, 256, 419, 460, 461, 484, 487, 489, 501, 596, 724, 757, 1073, 1151, 1276, 1292, 1373, 1666, 1669, 2067, 2091, 2097, 2485, 2874, 2903, 2945, 3113, 3174, 3492, 3581, 3617, 3712, 3734, 3770, 3825, 4089, 4140, 4440, 4697, 4792, 5495, 5499, 5501, 5519, 5620, 5648, 5668, 5793, 5886, 5984, 6011, 6060, 6101, 6256, 6408, 6602, 6628, 6986, 7141, 7233, 7249, 7387, 7418, 7519, 7524, 7654, 7895
DNA, Partition_11 = 35, 102, 360, 466, 481, 486, 601, 647, 852, 861, 900, 931, 1027, 1028, 1120, 1124, 1135, 1181, 1205, 1240, 1246, 1255, 1271, 1316, 1397, 1412, 1514, 1564, 1577, 1885, 1955, 2366, 2374, 2381, 2411, 2551, 2561, 2597, 2730, 2815, 2990, 3053, 3117, 3209, 3213, 3268, 3394, 3470, 3687, 3785, 3796, 3875, 3903, 3932, 3991, 4024, 4055, 4137, 4155, 4205, 4298, 4362, 4560, 4808, 4863, 4874, 4975, 5009, 5023, 5175, 5213, 5247, 5249, 5261, 5460, 5646, 5703, 5803, 5892, 5895, 6111, 6180, 6339, 6429, 6566, 6637, 6644, 6850, 7051, 7272, 7320, 7460, 7511, 7971, 7988
DNA, Partition_12 = 1, 39, 66, 96, 293, 304, 323, 448, 530, 701, 713, 740, 783, 856, 857, 945, 967, 970, 1057, 1100, 1118, 1326, 1338, 1461, 1548, 1590, 1613, 1614, 1644, 1733, 1763, 1862, 2081, 2104, 2106, 2212, 2364, 2435, 2511, 2652, 2840, 2841, 2899, 2935, 2947, 2966, 3050, 3150, 3406, 3460, 3517, 3739, 3782, 3894, 4064, 4072, 4128, 4207, 4285, 4407, 4621, 4646, 4739, 4793, 4932, 4945, 4946, 4982, 5181, 5658, 5686, 5747, 5989, 6028, 6067, 6204, 6221, 6260, 6310, 6347, 6420, 6446, 6472, 6511, 6584, 6713, 6766, 6790, 6856, 6902, 6939, 6989, 7167, 7285, 7501, 7610, 7636, 7653, 7668, 7920, 7974
DNA, Partition_13 = 3, 64, 103, 111, 187, 266, 278, 299, 310, 408, 451, 454, 459, 465, 502, 506, 510, 534, 578, 603, 629, 636, 651, 727, 793, 923, 992, 1033, 1065, 1086, 1168, 1466, 1517, 1656, 1746, 1837, 1839, 1880, 2006, 2128, 2150, 2186, 2227, 2491, 2498, 2524, 2717, 2765, 2832, 3138, 3236, 3326, 3343, 3357, 3402, 3440, 3485, 3487, 3608, 3646, 3651, 3706, 3759, 3808, 3945, 4004, 4014, 4092, 4093, 4266, 4428, 4464, 4585, 4602, 4643, 4717, 4748, 4753, 4802, 4817, 4872, 5002, 5241, 5279, 5299, 5369, 5690, 5841, 5897, 5971, 5974, 5980, 5988, 6080, 6198, 6228, 6299, 6311, 6524, 6527, 6634, 6783, 6865, 6942, 7032, 7367, 7886
DNA, Partition_14 = 19, 29, 67, 132, 134, 137, 149, 241, 286, 288, 324, 366, 387, 422, 483, 500, 548, 574, 581, 622, 665, 700, 736, 742, 749, 792, 801, 839, 863, 865, 871, 918, 924, 963, 984, 1001, 1162, 1164, 1230, 1249, 1334, 1341, 1351, 1377, 1457, 1474, 1604, 1652, 1753, 1756, 1888, 1901, 1926, 1937, 1972, 1984, 2043, 2045, 2073, 2082, 2180, 2214, 2257, 2272, 2297, 2319, 2343, 2359, 2395, 2481, 2482, 2487, 2555, 2570, 2629, 2675, 2727, 2770, 2877, 2918, 3039, 3076, 3132, 3154, 3201, 3222, 3234, 3310, 3336, 3385, 3411, 3455, 3468, 3547, 3551, 3555, 3677, 3758, 3768, 3879, 3922, 3964, 3975, 4031, 4120, 4127, 4208, 4229, 4308, 4338, 4558, 4590, 4655, 4703, 4857, 4938, 4963, 5015, 5035, 5051, 5056, 5080, 5141, 5229, 5387, 5423, 5589, 5636, 5662, 5693, 5918, 5954, 6014, 6078, 6143, 6186, 6191, 6291, 6308, 6320, 6340, 6532, 6701, 6730, 6771, 6787, 6857, 6888, 6962, 6971, 7009, 7247, 7496, 7529, 7589, 7676, 7792, 7804, 7826, 7883, 7887, 7918, 7985
DNA, Partition_15 = 26, 30, 51, 61, 133, 162, 174, 178, 179, 197, 207, 211, 227, 257, 259, 280, 303, 322, 344, 356, 379, 414, 457, 482, 605, 606, 609, 683, 687, 704, 720, 765, 767, 794, 795, 807, 823, 827, 841, 849, 851, 883, 891, 920, 948, 986, 1244, 1317, 1364, 1420, 1462, 1467, 1515, 1568, 1592, 1599, 1629, 1642, 1653, 1681, 1708, 1842, 1915, 1979, 2011, 2072, 2133, 2137, 2149, 2228, 2229, 2249, 2327, 2379, 2391, 2416, 2473, 2514, 2609, 2636, 2638, 2671, 2686, 2741, 2805, 2828, 2849, 2859, 2883, 2892, 2908, 2927, 2928, 2932, 2948, 2980, 3009, 3081, 3131, 3167, 3185, 3207, 3211, 3232, 3239, 3367, 3393, 3495, 3506, 3542, 3560, 3598, 3601, 3636, 3675, 3732, 3804, 3860, 3861, 3881, 3895, 3920, 3929, 3963, 4074, 4280, 4293, 4301, 4305, 4337, 4405, 4418, 4424, 4442, 4488, 4524, 4619, 4663, 4693, 4694, 4713, 4722, 4731, 4747, 4807, 4826, 4827, 4831, 4848, 4910, 4988, 4997, 5033, 5037, 5107, 5109, 5145, 5163, 5167, 5278, 5292, 5328, 5371, 5438, 5473, 5506, 5523, 5524, 5529, 5532, 5584, 5611, 5721, 5767, 5792, 5798, 5964, 5979, 6052, 6061, 6084, 6269, 6287, 6294, 6295, 6298, 6371, 6386, 6397, 6419, 6434, 6442, 6447, 6459, 6493, 6529, 6568, 6587, 6623, 6669, 6727, 6729, 6739, 6740, 6742, 6806, 6814, 6887, 6908, 6933, 6994, 7056, 7109, 7161, 7241, 7266, 7348, 7423, 7483, 7539, 7593, 7651, 7703, 7875, 7897, 7964, 7966
DNA, Partition_16 = 4, 72, 75, 85, 150, 165, 184, 213, 273, 285, 295, 330, 333, 338, 358, 359, 369, 398, 440, 442, 446, 463, 477, 504, 532, 542, 543, 624, 663, 734, 791, 797, 869, 922, 943, 957, 1220, 1282, 1286, 1301, 1370, 1379, 1449, 1497, 1540, 1544, 1547, 1723, 1729, 1757, 1803, 1814, 1909, 1927, 1929, 1931, 1988, 2001, 2016, 2017, 2065, 2111, 2144, 2161, 2179, 2217, 2222, 2260, 2277, 2342, 2347, 2350, 2351, 2368, 2404, 2430, 2463, 2467, 2526, 2682, 2718, 2728, 2760, 2778, 2787, 2794, 2809, 2854, 2888, 2912, 2977, 3004, 3028, 3111, 3136, 3141, 3144, 3149, 3175, 3198, 3245, 3256, 3290, 3292, 3307, 3348, 3364, 3395, 3443, 3451, 3511, 3543, 3578, 3623, 3695, 3698, 3708, 3716, 3815, 3841, 3845, 3884, 3892, 3937, 3949, 3978, 4005, 4035, 4052, 4078, 4096, 4097, 4125, 4166, 4238, 4329, 4358, 4368, 4394, 4414, 4427, 4458, 4483, 4490, 4527, 4571, 4582, 4598, 4601, 4603, 4616, 4758, 4762, 4773, 4805, 4856, 4888, 4893, 4898, 4928, 4936, 4942, 4947, 4952, 5032, 5173, 5206, 5233, 5248, 5256, 5277, 5326, 5347, 5441, 5456, 5538, 5594, 5606, 5617, 5653, 5701, 5737, 5877, 5903, 5936, 5975, 6106, 6116, 6159, 6178, 6193, 6255, 6257, 6307, 6380, 6458, 6506, 6546, 6554, 6592, 6619, 6624, 6650, 6667, 6681, 6711, 6721, 6735, 6779, 6797, 6824, 6839, 6915, 6916, 6935, 6941, 6976, 7033, 7037, 7075, 7103, 7110, 7124, 7292, 7373, 7450, 7471, 7506, 7528, 7532, 7570, 7662, 7686, 7693, 7721, 7801, 7868, 7872, 7877, 7913
DNA, Partition_17 = 12, 22, 34, 48, 56, 73, 76, 97, 114, 127, 163, 169, 173, 180, 201, 239, 243, 249, 264, 277, 298, 302, 320, 327, 347, 353, 365, 373, 375, 396, 407, 416, 418, 428, 444, 462, 479, 496, 526, 539, 540, 612, 627, 634, 654, 658, 672, 678, 679, 716, 732, 737, 744, 758, 798, 806, 814, 825, 835, 842, 843, 905, 909, 910, 962, 964, 975, 980, 997, 1025, 1110, 1130, 1143, 1166, 1192, 1253, 1313, 1348, 1374, 1405, 1649, 1661, 1678, 1699, 1737, 1813, 1823, 1858, 1859, 1916, 1994, 2013, 2053, 2094, 2121, 2163, 2202, 2208, 2240, 2255, 2267, 2278, 2279, 2285, 2293, 2407, 2409, 2418, 2425, 2428, 2447, 2448, 2460, 2502, 2509, 2553, 2618, 2626, 2646, 2661, 2672, 2689, 2698, 2707, 2708, 2742, 2746, 2800, 2830, 2965, 2974, 2978, 3012, 3014, 3046, 3066, 3068, 3074, 3098, 3119, 3129, 3130, 3137, 3139, 3163, 3192, 3208, 3246, 3259, 3263, 3269, 3280, 3301, 3350, 3399, 3437, 3441, 3456, 3482, 3567, 3574, 3585, 3629, 3639, 3653, 3762, 3788, 3830, 3849, 3877, 3887, 3918, 4001, 4012, 4019, 4021, 4022, 4048, 4104, 4107, 4123, 4145, 4170, 4201, 4247, 4265, 4283, 4341, 4351, 4355, 4364, 4374, 4379, 4411, 4416, 4435, 4448, 4452, 4494, 4535, 4542, 4556, 4569, 4572, 4586, 4624, 4637, 4644, 4668, 4785, 4790, 4806, 4813, 4840, 4923, 4948, 4951, 4970, 5001, 5026, 5039, 5053, 5059, 5075, 5157, 5166, 5168, 5266, 5367, 5394, 5408, 5471, 5482, 5483, 5539, 5593, 5669, 5748, 5799, 5804, 5817, 5839, 5842, 5872, 5879, 5884, 6009, 6024, 6035, 6049, 6058, 6069, 6079, 6099, 6130, 6203, 6214, 6215, 6239, 6240, 6284, 6297, 6315, 6361, 6374, 6379, 6383, 6409, 6412, 6432, 6438, 6463, 6484, 6519, 6520, 6521, 6552, 6620, 6645, 6649, 6674, 6712, 6723, 6728, 6763, 6786, 6789, 6813, 6843, 6861, 6863, 6900, 6928, 6952, 6953, 6956, 6963, 6975, 6993, 7015, 7026, 7053, 7067, 7107, 7137, 7168, 7228, 7256, 7258, 7280, 7293, 7302, 7392, 7408, 7690, 7701, 7718, 7739, 7748, 7803, 7839, 7879, 7892, 7907
DNA, Partition_18 = 7, 20, 38, 86, 119, 124, 141, 152, 156, 186, 209, 214, 226, 252, 260, 261, 279, 282, 317, 326, 334, 335, 336, 355, 364, 383, 389, 391, 399, 404, 410, 415, 421, 430, 432, 445, 467, 470, 473, 524, 527, 531, 550, 567, 568, 571, 577, 591, 600, 610, 625, 626, 630, 637, 648, 653, 682, 707, 714, 721, 723, 726, 729, 733, 735, 748, 753, 772, 800, 813, 826, 828, 872, 915, 929, 966, 972, 982, 1008, 1018, 1069, 1071, 1093, 1107, 1133, 1150, 1157, 1171, 1178, 1179, 1199, 1257, 1258, 1346, 1384, 1400, 1429, 1470, 1475, 1503, 1509, 1511, 1534, 1554, 1560, 1585, 1586, 1589, 1667, 1720, 1734, 1743, 1745, 1791, 1799, 1801, 1804, 1810, 1825, 1835, 1855, 1871, 1875, 1882, 2022, 2044, 2046, 2108, 2119, 2141, 2168, 2190, 2207, 2211, 2225, 2317, 2341, 2349, 2365, 2387, 2399, 2403, 2412, 2414, 2510, 2516, 2529, 2550, 2589, 2594, 2612, 2621, 2634, 2651, 2663, 2664, 2697, 2735, 2740, 2755, 2834, 2873, 2937, 2940, 2962, 2970, 2984, 3005, 3023, 3048, 3052, 3090, 3143, 3214, 3244, 3252, 3266, 3300, 3302, 3311, 3313, 3330, 3332, 3403, 3413, 3415, 3436, 3469, 3490, 3494, 3507, 3558, 3571, 3603, 3626, 3650, 3671, 3683, 3696, 3719, 3743, 3760, 3786, 3797, 3800, 3810, 3816, 3822, 3838, 3850, 3905, 3934, 3959, 3960, 4011, 4015, 4056, 4066, 4067, 4094, 4132, 4162, 4172, 4196, 4236, 4239, 4243, 4257, 4296, 4304, 4327, 4348, 4356, 4377, 4392, 4431, 4443, 4451, 4497, 4516, 4518, 4531, 4540, 4546, 4554, 4559, 4561, 4564, 4599, 4605, 4610, 4615, 4628, 4634, 4640, 4650, 4682, 4686, 4704, 4707, 4733, 4743, 4749, 4782, 4844, 4864, 4883, 4905, 4912, 4934, 4957, 4964, 4998, 5036, 5058, 5110, 5111, 5150, 5158, 5161, 5228, 5325, 5373, 5392, 5464, 5481, 5512, 5564, 5565, 5610, 5626, 5651, 5654, 5676, 5709, 5801, 5868, 5883, 5904, 5907, 5944, 5985, 5999, 6001, 6012, 6019, 6047, 6054, 6055, 6074, 6076, 6086, 6089, 6094, 6123, 6139, 6197, 6207, 6234, 6267, 6278, 6281, 6292, 6306, 6321, 6341, 6357, 6369, 6378, 6382, 6384, 6393, 6402, 6415, 6453, 6480, 6496, 6523, 6543, 6565, 6570, 6585, 6629, 6655, 6687, 6705, 6720, 6722, 6733, 6738, 6791, 6793, 6801, 6807, 6819, 6833, 6898, 6903, 6904, 6905, 6909, 6913, 6918, 6954, 6996, 7035, 7071, 7111, 7142, 7145, 7151, 7175, 7203, 7213, 7223, 7278, 7279, 7325, 7357, 7386, 7404, 7463, 7473, 7495, 7567, 7594, 7623, 7737, 7817, 7842, 7864, 7903, 7936, 7944, 7979, 7980, 7982, 7999
DNA, Partition_19 = 2, 11, 52, 63, 81, 84, 104, 115, 123, 144, 159, 167, 185, 190, 199, 204, 210, 216, 222, 223, 245, 267, 269, 307, 332, 341, 346, 351, 363, 368, 395, 397, 413, 423, 439, 468, 478, 498, 521, 525, 536, 544, 546, 562, 565, 589, 590, 594, 597, 602, 621, 623, 642, 657, 659, 671, 676, 677, 705, 708, 715, 717, 722, 743, 752, 762, 769, 805, 810, 830, 840, 844, 850, 854, 912, 926, 942, 977, 981, 989, 994, 1060, 1079, 1088, 1099, 1102, 1122, 1176, 1186, 1193, 1221, 1227, 1254, 1304, 1305, 1335, 1352, 1391, 1439, 1448, 1452, 1454, 1485, 1490, 1505, 1550, 1552, 1558, 1562, 1635, 1647, 1663, 1682, 1695, 1726, 1857, 1878, 1908, 1953, 2004, 2007, 2025, 2028, 2039, 2048, 2049, 2054, 2057, 2070, 2098, 2100, 2118, 2146, 2160, 2216, 2233, 2237, 2248, 2280, 2294, 2315, 2344, 2426, 2431, 2449, 2452, 2465, 2471, 2477, 2527, 2543, 2547, 2558, 2559, 2566, 2579, 2613, 2627, 2725, 2737, 2774, 2799, 2835, 2885, 2887, 2893, 2939, 2955, 2972, 3016, 3029, 3099, 3146, 3151, 3164, 3166, 3179, 3197, 3235, 3249, 3250, 3270, 3279, 3282, 3320, 3335, 3345, 3346, 3354, 3359, 3374, 3376, 3390, 3414, 3427, 3453, 3523, 3532, 3541, 3554, 3584, 3589, 3613, 3631, 3644, 3660, 3667, 3688, 3691, 3703, 3709, 3714, 3723, 3746, 3752, 3843, 3868, 3909, 3927, 3981, 3992, 3995, 4037, 4046, 4053, 4106, 4122, 4154, 4159, 4165, 4174, 4186, 4193, 4212, 4262, 4286, 4306, 4316, 4330, 4335, 4342, 4353, 4357, 4363, 4371, 4380, 4387, 4456, 4473, 4481, 4533, 4537, 4544, 4565, 4583, 4597, 4625, 4671, 4679, 4687, 4695, 4750, 4757, 4772, 4795, 4836, 4839, 4868, 4884, 4885, 4890, 4892, 4894, 4904, 4907, 4908, 4918, 4924, 4929, 4953, 4971, 4974, 5007, 5014, 5022, 5034, 5084, 5223, 5226, 5375, 5390, 5404, 5415, 5433, 5447, 5522, 5526, 5549, 5562, 5570, 5635, 5652, 5736, 5739, 5741, 5776, 5790, 5864, 5881, 5912, 5924, 5941, 5949, 5969, 5982, 6003, 6006, 6020, 6050, 6082, 6103, 6118, 6122, 6131, 6133, 6144, 6149, 6154, 6156, 6189, 6227, 6251, 6265, 6268, 6280, 6301, 6336, 6338, 6353, 6389, 6396, 6400, 6421, 6433, 6479, 6514, 6518, 6559, 6588, 6601, 6607, 6610, 6625, 6630, 6636, 6646, 6651, 6652, 6657, 6672, 6691, 6700, 6732, 6752, 6753, 6756, 6762, 6777, 6784, 6792, 6805, 6828, 6874, 6891, 6896, 6917, 6969, 6977, 6981, 6983, 6985, 6987, 6988, 7001, 7014, 7028, 7039, 7041, 7084, 7181, 7221, 7248, 7270, 7277, 7282, 7375, 7456, 7503, 7504, 7512, 7562, 7630, 7669, 7786, 7798, 7904, 7946, 7995
DNA, Partition_20 = 33, 43, 46, 58, 82, 90, 94, 106, 109, 126, 128, 143, 154, 155, 157, 164, 176, 194, 195, 230, 233, 234, 238, 242, 247, 251, 254, 255, 272, 276, 294, 305, 315, 319, 378, 381, 386, 388, 411, 436, 441, 469, 488, 494, 499, 515, 522, 529, 549, 551, 559, 563, 587, 611, 640, 652, 674, 680, 695, 696, 711, 712, 725, 731, 768, 774, 782, 784, 796, 818, 833, 834, 848, 862, 864, 868, 873, 874, 875, 896, 899, 902, 913, 917, 928, 938, 960, 968, 976, 983, 1003, 1019, 1024, 1047, 1087, 1126, 1145, 1180, 1184, 1195, 1212, 1265, 1270, 1278, 1293, 1309, 1347, 1385, 1389, 1409, 1410, 1458, 1469, 1477, 1502, 1508, 1521, 1531, 1559, 1617, 1625, 1636, 1639, 1697, 1715, 1742, 1769, 1787, 1805, 1826, 1834, 1836, 1854, 1939, 1947, 1961, 1963, 1965, 1966, 2032, 2040, 2078, 2080, 2084, 2087, 2120, 2131, 2148, 2156, 2167, 2187, 2192, 2197, 2205, 2215, 2253, 2262, 2271, 2287, 2296, 2301, 2321, 2330, 2332, 2357, 2360, 2383, 2390, 2433, 2443, 2457, 2472, 2504, 2517, 2531, 2533, 2540, 2548, 2567, 2569, 2593, 2606, 2630, 2668, 2676, 2681, 2710, 2723, 2743, 2756, 2784, 2812, 2817, 2821, 2827, 2856, 2872, 2876, 2880, 2894, 2896, 2901, 2944, 2956, 2992, 3000, 3008, 3017, 3036, 3037, 3054, 3059, 3073, 3079, 3092, 3093, 3100, 3104, 3140, 3148, 3173, 3187, 3194, 3205, 3215, 3247, 3265, 3365, 3373, 3375, 3409, 3474, 3501, 3522, 3526, 3537, 3563, 3580, 3586, 3591, 3606, 3616, 3630, 3665, 3684, 3686, 3699, 3728, 3742, 3769, 3832, 3833, 3835, 3840, 3858, 3862, 3880, 3916, 3924, 3954, 3958, 3969, 3993, 4002, 4016, 4042, 4065, 4071, 4088, 4095, 4113, 4129, 4147, 4151, 4160, 4176, 4183, 4197, 4206, 4227, 4237, 4245, 4254, 4258, 4277, 4279, 4281, 4284, 4289, 4294, 4295, 4300, 4317, 4321, 4324, 4332, 4333, 4366, 4382, 4399, 4400, 4419, 4425, 4450, 4507, 4514, 4529, 4536, 4562, 4613, 4617, 4620, 4623, 4626, 4645, 4648, 4664, 4674, 4675, 4688, 4691, 4711, 4759, 4777, 4778, 4830, 4862, 4869, 4873, 4897, 4903, 4914, 4917, 4980, 4994, 5027, 5028, 5067, 5090, 5093, 5097, 5124, 5187, 5282, 5302, 5312, 5350, 5364, 5399, 5412, 5428, 5449, 5467, 5567, 5580, 5592, 5694, 5702, 5745, 5758, 5810, 5819, 5826, 5890, 5900, 5963, 5965, 5995, 5996, 6008, 6010, 6022, 6025, 6030, 6039, 6040, 6051, 6072, 6091, 6092, 6176, 6202, 6232, 6241, 6319, 6329, 6331, 6343, 6345, 6346, 6348, 6351, 6355, 6364, 6395, 6418, 6435, 6439, 6452, 6456, 6474, 6481, 6494, 6495, 6497, 6498, 6513, 6528, 6530, 6542, 6548, 6558, 6571, 6586, 6595, 6600, 6638, 6648, 6656, 6688, 6689, 6692, 6707, 6734, 6745, 6776, 6808, 6817, 6835, 6837, 6842, 6847, 6854, 6881, 6943, 7000, 7034, 7158, 7163, 7229, 7255, 7316, 7328, 7368, 7371, 7390, 7399, 7406, 7433, 7441, 7476, 7481, 7523, 7606, 7657, 7661, 7680, 7709, 7732, 7793, 7799, 7874, 7885, 7933, 7941, 7957, 7963, 7975, 7984
DNA, Partition_21 = 5, 9, 14, 16, 23, 28, 57, 95, 99, 101, 116, 120, 125, 140, 147, 148, 177, 182, 193, 198, 221, 235, 262, 268, 275, 283, 309, 321, 325, 329, 348, 349, 370, 372, 376, 390, 426, 435, 449, 450, 452, 453, 456, 471, 491, 493, 505, 507, 533, 561, 566, 572, 580, 585, 588, 593, 619, 620, 631, 639, 643, 646, 685, 686, 693, 697, 703, 706, 718, 738, 745, 755, 770, 779, 811, 832, 860, 870, 936, 941, 944, 946, 949, 961, 965, 978, 979, 985, 988, 999, 1002, 1010, 1015, 1021, 1125, 1152, 1161, 1173, 1174, 1203, 1234, 1236, 1262, 1266, 1268, 1308, 1314, 1345, 1367, 1368, 1375, 1383, 1408, 1414, 1423, 1426, 1450, 1453, 1460, 1463, 1486, 1525, 1545, 1573, 1622, 1643, 1671, 1674, 1684, 1688, 1710, 1712, 1719, 1744, 1762, 1780, 1789, 1843, 1860, 1876, 1883, 1895, 1899, 1918, 1919, 1925, 1990, 1991, 2000, 2010, 2014, 2023, 2030, 2052, 2056, 2086, 2140, 2153, 2162, 2181, 2239, 2243, 2292, 2305, 2308, 2309, 2313, 2318, 2320, 2394, 2398, 2408, 2421, 2422, 2441, 2454, 2490, 2494, 2496, 2520, 2528, 2536, 2542, 2565, 2580, 2585, 2610, 2622, 2633, 2649, 2662, 2692, 2696, 2704, 2729, 2739, 2744, 2747, 2766, 2773, 2781, 2790, 2803, 2819, 2823, 2825, 2862, 2865, 2867, 2881, 2889, 2902, 2931, 2996, 3002, 3042, 3043, 3047, 3065, 3077, 3115, 3123, 3133, 3202, 3218, 3226, 3251, 3260, 3277, 3296, 3297, 3298, 3317, 3324, 3331, 3333, 3337, 3358, 3366, 3424, 3439, 3444, 3467, 3472, 3480, 3491, 3498, 3520, 3530, 3533, 3539, 3564, 3593, 3600, 3611, 3621, 3624, 3633, 3635, 3669, 3673, 3678, 3693, 3694, 3701, 3707, 3744, 3772, 3802, 3811, 3814, 3827, 3883, 3898, 3912, 3931, 3935, 3938, 3947, 3950, 3952, 3966, 3976, 3977, 4007, 4013, 4023, 4027, 4028, 4069, 4080, 4086, 4103, 4111, 4136, 4178, 4203, 4211, 4253, 4261, 4268, 4271, 4287, 4299, 4302, 4311, 4334, 4345, 4347, 4365, 4381, 4388, 4429, 4434, 4457, 4461, 4463, 4465, 4468, 4470, 4479, 4491, 4496, 4503, 4520, 4521, 4530, 4539, 4545, 4550, 4555, 4557, 4607, 4630, 4660, 4676, 4700, 4705, 4714, 4760, 4774, 4784, 4814, 4834, 4838, 4841, 4854, 4871, 4876, 4899, 4902, 4909, 4911, 4921, 4925, 4926, 4939, 4949, 4956, 5006, 5021, 5063, 5137, 5177, 5221, 5232, 5257, 5341, 5351, 5362, 5378, 5386, 5425, 5435, 5457, 5463, 5486, 5494, 5517, 5563, 5624, 5667, 5680, 5684, 5688, 5707, 5742, 5750, 5762, 5766, 5779, 5788, 5800, 5827, 5851, 5852, 5885, 5891, 5898, 5921, 5925, 5930, 5933, 5943, 6015, 6046, 6075, 6087, 6095, 6120, 6132, 6134, 6135, 6136, 6152, 6164, 6165, 6167, 6171, 6183, 6223, 6224, 6233, 6247, 6266, 6272, 6290, 6309, 6325, 6332, 6399, 6404, 6426, 6431, 6444, 6445, 6475, 6489, 6500, 6503, 6509, 6525, 6535, 6553, 6557, 6572, 6581, 6609, 6613, 6631, 6668, 6671, 6690, 6693, 6703, 6748, 6759, 6768, 6796, 6810, 6823, 6826, 6830, 6852, 6853, 6864, 6871, 6872, 6878, 6882, 6886, 6889, 6893, 6895, 6899, 6911, 6926, 6931, 6936, 6944, 6958, 6965, 6999, 7006, 7036, 7045, 7058, 7080, 7101, 7157, 7243, 7300, 7364, 7394, 7401, 7419, 7438, 7447, 7467, 7482, 7494, 7565, 7595, 7611, 7648, 7658, 7708, 7736, 7747, 7758, 7788, 7810, 7849, 7851, 7884, 7898, 7924
DNA, Partition_22 = 10, 15, 17, 31, 49, 53, 68, 83, 92, 98, 110, 113, 131, 136, 146, 153, 175, 183, 191, 200, 215, 225, 231, 350, 352, 382, 392, 403, 409, 429, 437, 476, 509, 512, 513, 516, 519, 520, 541, 558, 560, 564, 604, 645, 661, 662, 669, 670, 694, 698, 702, 764, 775, 777, 780, 788, 802, 803, 812, 824, 846, 853, 887, 898, 919, 932, 990, 993, 1017, 1037, 1043, 1048, 1061, 1072, 1095, 1108, 1114, 1144, 1214, 1217, 1225, 1243, 1250, 1252, 1280, 1288, 1329, 1340, 1342, 1355, 1360, 1366, 1392, 1402, 1404, 1436, 1438, 1455, 1456, 1464, 1465, 1504, 1574, 1583, 1588, 1598, 1605, 1609, 1628, 1638, 1657, 1683, 1687, 1692, 1694, 1700, 1705, 1706, 1725, 1759, 1765, 1818, 1824, 1873, 1889, 1890, 1917, 1941, 1943, 1962, 2026, 2055, 2066, 2093, 2096, 2101, 2113, 2142, 2151, 2152, 2155, 2174, 2185, 2195, 2204, 2226, 2244, 2306, 2324, 2336, 2337, 2340, 2345, 2369, 2400, 2406, 2434, 2453, 2483, 2489, 2506, 2508, 2515, 2525, 2546, 2560, 2563, 2571, 2574, 2576, 2578, 2605, 2617, 2645, 2647, 2654, 2659, 2684, 2687, 2693, 2700, 2715, 2719, 2759, 2776, 2785, 2826, 2833, 2855, 2860, 2870, 2919, 2934, 2936, 2963, 2987, 2989, 2998, 3003, 3018, 3020, 3032, 3040, 3049, 3083, 3085, 3087, 3107, 3153, 3158, 3160, 3162, 3172, 3180, 3181, 3183, 3186, 3189, 3195, 3196, 3230, 3242, 3274, 3278, 3284, 3289, 3303, 3306, 3322, 3327, 3329, 3351, 3361, 3372, 3377, 3379, 3382, 3396, 3398, 3407, 3420, 3423, 3433, 3446, 3476, 3478, 3510, 3514, 3545, 3546, 3553, 3557, 3568, 3596, 3605, 3612, 3614, 3622, 3628, 3664, 3681, 3682, 3685, 3689, 3690, 3721, 3737, 3754, 3755, 3756, 3792, 3812, 3829, 3836, 3873, 3874, 3890, 3899, 3900, 3902, 3915, 3942, 3953, 3957, 3962, 3985, 3999, 4026, 4038, 4062, 4073, 4081, 4082, 4090, 4110, 4114, 4141, 4148, 4161, 4163, 4180, 4185, 4194, 4213, 4232, 4240, 4244, 4249, 4274, 4297, 4307, 4318, 4320, 4339, 4350, 4361, 4373, 4445, 4474, 4478, 4482, 4485, 4505, 4515, 4519, 4528, 4549, 4551, 4553, 4567, 4568, 4579, 4584, 4588, 4594, 4600, 4609, 4612, 4665, 4667, 4683, 4685, 4692, 4702, 4719, 4724, 4740, 4745, 4751, 4783, 4800, 4816, 4819, 4820, 4829, 4843, 4845, 4870, 4906, 4927, 4931, 4940, 4961, 4965, 4966, 4968, 4976, 4978, 4985, 4986, 4993, 4995, 5060, 5062, 5066, 5071, 5091, 5096, 5101, 5102, 5135, 5155, 5171, 5184, 5207, 5214, 5254, 5260, 5270, 5273, 5300, 5316, 5322, 5327, 5332, 5342, 5368, 5411, 5434, 5493, 5528, 5534, 5542, 5544, 5545, 5554, 5585, 5588, 5618, 5657, 5689, 5708, 5740, 5837, 5844, 5876, 5880, 5887, 5922, 5937, 5947, 5983, 6004, 6005, 6007, 6013, 6016, 6017, 6027, 6057, 6062, 6063, 6071, 6081, 6096, 6105, 6108, 6115, 6137, 6140, 6157, 6161, 6163, 6181, 6187, 6188, 6195, 6196, 6201, 6210, 6218, 6229, 6230, 6231, 6237, 6246, 6248, 6252, 6253, 6271, 6276, 6312, 6318, 6323, 6327, 6352, 6365, 6401, 6425, 6428, 6460, 6461, 6462, 6488, 6499, 6501, 6502, 6515, 6533, 6537, 6539, 6550, 6577, 6603, 6611, 6614, 6632, 6653, 6654, 6659, 6663, 6666, 6694, 6696, 6702, 6710, 6775, 6802, 6818, 6822, 6844, 6845, 6849, 6855, 6860, 6876, 6879, 6883, 6907, 6914, 6919, 6947, 6949, 6950, 6957, 6972, 6973, 7007, 7083, 7303, 7369, 7415, 7428, 7538, 7542, 7599, 7617, 7635, 7689, 7740, 7750, 7763, 7779, 7790, 7870, 7896, 7949, 7954, 7956, 7989, 7996
DNA, Partition_23 = 13, 18, 25, 32, 37, 54, 65, 74, 122, 130, 135, 171, 172, 203, 246, 258, 289, 342, 367, 393, 394, 401, 405, 514, 523, 528, 535, 552, 553, 556, 569, 575, 583, 614, 644, 656, 668, 681, 689, 690, 747, 773, 778, 785, 787, 815, 817, 819, 821, 829, 837, 858, 878, 884, 894, 897, 939, 953, 971, 987, 998, 1007, 1045, 1062, 1076, 1078, 1090, 1109, 1167, 1239, 1261, 1263, 1267, 1283, 1290, 1291, 1296, 1307, 1331, 1337, 1339, 1350, 1353, 1363, 1369, 1371, 1380, 1401, 1403, 1422, 1432, 1440, 1441, 1471, 1519, 1529, 1546, 1553, 1567, 1569, 1579, 1659, 1691, 1713, 1716, 1727, 1736, 1750, 1761, 1773, 1792, 1808, 1832, 1884, 1887, 1905, 1912, 1956, 1980, 1993, 2021, 2024, 2035, 2061, 2074, 2089, 2109, 2127, 2136, 2138, 2194, 2199, 2209, 2224, 2256, 2258, 2261, 2281, 2286, 2299, 2303, 2322, 2326, 2328, 2353, 2363, 2373, 2377, 2385, 2393, 2405, 2413, 2470, 2479, 2500, 2507, 2519, 2541, 2572, 2577, 2587, 2600, 2601, 2640, 2656, 2667, 2702, 2722, 2732, 2733, 2749, 2762, 2786, 2793, 2796, 2811, 2813, 2814, 2822, 2836, 2864, 2878, 2898, 2905, 2906, 2911, 2923, 2930, 2991, 3007, 3010, 3044, 3080, 3091, 3096, 3097, 3142, 3204, 3212, 3217, 3224, 3227, 3243, 3262, 3271, 3275, 3276, 3286, 3287, 3288, 3304, 3305, 3315, 3323, 3344, 3355, 3363, 3378, 3381, 3383, 3391, 3400, 3410, 3412, 3422, 3426, 3434, 3448, 3464, 3466, 3471, 3473, 3475, 3479, 3481, 3489, 3496, 3502, 3508, 3519, 3527, 3529, 3570, 3575, 3579, 3590, 3599, 3618, 3638, 3641, 3659, 3661, 3674, 3692, 3704, 3718, 3725, 3727, 3736, 3745, 3757, 3765, 3776, 3780, 3790, 3791, 3794, 3795, 3799, 3805, 3806, 3817, 3820, 3821, 3859, 3867, 3869, 3886, 3889, 3893, 3921, 3926, 3943, 3979, 3984, 3989, 4010, 4040, 4041, 4047, 4051, 4077, 4099, 4100, 4115, 4118, 4119, 4126, 4146, 4153, 4181, 4182, 4184, 4191, 4215, 4217, 4221, 4234, 4250, 4256, 4259, 4263, 4269, 4275, 4309, 4314, 4323, 4325, 4352, 4386, 4396, 4397, 4403, 4406, 4421, 4422, 4433, 4449, 4455, 4459, 4460, 4462, 4466, 4475, 4492, 4493, 4510, 4566, 4575, 4578, 4596, 4606, 4614, 4666, 4669, 4673, 4678, 4684, 4715, 4720, 4721, 4742, 4744, 4754, 4761, 4775, 4796, 4809, 4811, 4824, 4833, 4846, 4847, 4855, 4867, 4887, 4891, 4920, 4933, 4944, 4954, 4967, 4972, 4979, 4984, 5000, 5031, 5070, 5086, 5092, 5095, 5100, 5128, 5148, 5180, 5191, 5199, 5208, 5238, 5246, 5251, 5255, 5265, 5291, 5294, 5296, 5315, 5320, 5335, 5358, 5396, 5401, 5406, 5413, 5417, 5419, 5422, 5427, 5432, 5437, 5455, 5484, 5502, 5530, 5531, 5540, 5541, 5552, 5561, 5569, 5582, 5583, 5590, 5599, 5614, 5718, 5723, 5729, 5732, 5773, 5775, 5777, 5783, 5786, 5870, 5896, 5913, 5935, 6045, 6053, 6068, 6085, 6088, 6090, 6100, 6112, 6127, 6141, 6142, 6145, 6150, 6168, 6169, 6174, 6208, 6212, 6222, 6235, 6236, 6245, 6249, 6261, 6263, 6289, 6333, 6337, 6349, 6356, 6358, 6367, 6375, 6394, 6422, 6437, 6467, 6490, 6510, 6538, 6560, 6567, 6569, 6573, 6575, 6615, 6618, 6627, 6633, 6660, 6683, 6697, 6737, 6758, 6767, 6780, 6782, 6825, 6867, 6868, 6869, 6873, 6877, 6880, 6910, 6921, 6930, 6932, 6938, 6946, 6991, 6995, 7021, 7022, 7060, 7070, 7093, 7102, 7135, 7150, 7194, 7299, 7314, 7342, 7350, 7353, 7411, 7431, 7455, 7464, 7484, 7551, 7625, 7626, 7673, 7745, 7753, 7762, 7900, 7902, 7922, 7930, 7931, 7937, 7945
DNA, Partition_24 = 6, 8, 50, 60, 78, 80, 105, 108, 139, 181, 196, 202, 205, 220, 232, 240, 248, 263, 265, 274, 281, 284, 290, 311, 312, 313, 318, 331, 354, 357, 374, 412, 424, 427, 433, 447, 455, 480, 485, 508, 518, 576, 599, 617, 688, 756, 781, 831, 867, 877, 879, 890, 892, 921, 933, 934, 935, 937, 959, 973, 1035, 1038, 1041, 1068, 1075, 1085, 1116, 1119, 1127, 1132, 1136, 1175, 1189, 1211, 1213, 1218, 1222, 1231, 1233, 1275, 1302, 1310, 1359, 1378, 1386, 1390, 1473, 1479, 1480, 1488, 1491, 1500, 1510, 1513, 1532, 1555, 1572, 1575, 1580, 1596, 1627, 1632, 1655, 1658, 1675, 1686, 1698, 1701, 1718, 1735, 1794, 1806, 1816, 1817, 1828, 1830, 1870, 1879, 1892, 1924, 1933, 1935, 1950, 1958, 1997, 1998, 2042, 2047, 2062, 2085, 2088, 2102, 2105, 2110, 2117, 2122, 2135, 2147, 2154, 2157, 2165, 2170, 2172, 2175, 2176, 2183, 2189, 2193, 2201, 2252, 2264, 2270, 2282, 2312, 2314, 2323, 2361, 2371, 2396, 2410, 2419, 2423, 2456, 2464, 2474, 2476, 2495, 2521, 2530, 2532, 2554, 2586, 2598, 2608, 2616, 2625, 2635, 2637, 2642, 2658, 2665, 2694, 2714, 2731, 2751, 2771, 2782, 2795, 2798, 2807, 2829, 2831, 2866, 2884, 2915, 2942, 2946, 2973, 2986, 3006, 3021, 3025, 3027, 3035, 3056, 3064, 3069, 3109, 3114, 3147, 3157, 3169, 3177, 3190, 3273, 3281, 3339, 3352, 3362, 3388, 3408, 3416, 3457, 3458, 3465, 3524, 3562, 3572, 3573, 3587, 3592, 3594, 3647, 3649, 3663, 3722, 3733, 3740, 3751, 3778, 3779, 3819, 3834, 3842, 3847, 3854, 3856, 3870, 3907, 3910, 3913, 3914, 3925, 3933, 3936, 3990, 3994, 4006, 4030, 4045, 4050, 4060, 4084, 4109, 4133, 4144, 4156, 4157, 4171, 4173, 4179, 4195, 4214, 4218, 4220, 4231, 4248, 4252, 4273, 4276, 4319, 4322, 4369, 4376, 4383, 4384, 4395, 4401, 4412, 4420, 4426, 4453, 4454, 4467, 4480, 4495, 4500, 4501, 4509, 4534, 4538, 4543, 4563, 4574, 4591, 4592, 4618, 4633, 4656, 4690, 4706, 4709, 4723, 4728, 4730, 4732, 4737, 4738, 4746, 4755, 4765, 4770, 4776, 4789, 4791, 4803, 4815, 4818, 4825, 4842, 4849, 4852, 4853, 4859, 4860, 4877, 4881, 4886, 4896, 4900, 4913, 4919, 4922, 4977, 4981, 4987, 4991, 5003, 5010, 5016, 5061, 5074, 5076, 5083, 5105, 5117, 5134, 5146, 5160, 5162, 5194, 5201, 5210, 5216, 5239, 5244, 5269, 5284, 5289, 5290, 5303, 5314, 5334, 5336, 5353, 5355, 5372, 5400, 5409, 5426, 5452, 5454, 5458, 5474, 5509, 5548, 5576, 5581, 5609, 5656, 5661, 5664, 5665, 5675, 5691, 5715, 5746, 5765, 5770, 5771, 5791, 5795, 5808, 5809, 5814, 5823, 5825, 5846, 5847, 5856, 5867, 5871, 5878, 5899, 5908, 5931, 5939, 5940, 5955, 5957, 5972, 5993, 6033, 6042, 6043, 6059, 6064, 6125, 6128, 6147, 6173, 6190, 6199, 6243, 6259, 6288, 6317, 6326, 6334, 6342, 6354, 6359, 6360, 6370, 6376, 6398, 6413, 6423, 6427, 6449, 6487, 6491, 6534, 6536, 6540, 6545, 6549, 6556, 6563, 6576, 6608, 6621, 6622, 6635, 6641, 6673, 6675, 6679, 6685, 6695, 6699, 6715, 6717, 6725, 6743, 6746, 6754, 6760, 6764, 6799, 6811, 6812, 6820, 6832, 6859, 6862, 6866, 6875, 6884, 6890, 6906, 6924, 6961, 6966, 6992, 7013, 7097, 7127, 7166, 7206, 7226, 7257, 7260, 7304, 7322, 7422, 7457, 7479, 7488, 7522, 7530, 7536, 7544, 7579, 7584, 7585, 7646, 7664, 7667, 7773, 7876, 7890, 7912, 7965
DNA, Partition_25 = 21, 40, 55, 69, 70, 87, 88, 100, 160, 170, 188, 208, 219, 244, 271, 287, 297, 337, 345, 362, 371, 406, 434, 464, 474, 511, 554, 592, 607, 655, 667, 751, 820, 822, 836, 838, 866, 876, 888, 889, 903, 911, 951, 954, 958, 996, 1000, 1004, 1030, 1052, 1054, 1058, 1064, 1089, 1097, 1101, 1111, 1113, 1115, 1146, 1154, 1158, 1163, 1201, 1209, 1272, 1299, 1323, 1356, 1357, 1376, 1387, 1395, 1421, 1506, 1512, 1520, 1523, 1536, 1537, 1595, 1615, 1637, 1672, 1673, 1685, 1704, 1707, 1730, 1747, 1764, 1778, 1793, 1822, 1833, 1841, 1849, 1864, 1897, 1942, 1944, 1946, 1986, 1992, 2009, 2031, 2037, 2058, 2060, 2064, 2071, 2075, 2115, 2123, 2132, 2134, 2158, 2164, 2173, 2219, 2220, 2230, 2232, 2236, 2238, 2251, 2288, 2302, 2334, 2358, 2389, 2392, 2397, 2427, 2432, 2437, 2458, 2478, 2497, 2512, 2518, 2523, 2552, 2557, 2584, 2590, 2592, 2624, 2641, 2657, 2670, 2677, 2678, 2688, 2690, 2695, 2709, 2711, 2724, 2738, 2745, 2753, 2757, 2767, 2783, 2797, 2820, 2839, 2847, 2858, 2882, 2895, 2914, 2920, 2922, 2951, 2959, 2960, 2961, 2979, 3024, 3062, 3072, 3086, 3118, 3125, 3127, 3134, 3168, 3176, 3216, 3221, 3240, 3241, 3267, 3283, 3295, 3314, 3318, 3369, 3370, 3384, 3389, 3392, 3404, 3421, 3430, 3431, 3445, 3459, 3477, 3483, 3484, 3486, 3493, 3497, 3500, 3509, 3531, 3548, 3550, 3559, 3576, 3588, 3607, 3610, 3619, 3640, 3642, 3645, 3652, 3658, 3702, 3705, 3713, 3738, 3750, 3761, 3771, 3784, 3787, 3803, 3824, 3826, 3839, 3848, 3863, 3865, 3872, 3878, 3882, 3891, 3923, 3946, 3948, 3972, 3986, 3998, 4000, 4009, 4032, 4043, 4049, 4063, 4087, 4124, 4142, 4149, 4152, 4158, 4164, 4167, 4175, 4177, 4187, 4189, 4190, 4204, 4224, 4226, 4233, 4264, 4290, 4292, 4303, 4326, 4331, 4340, 4349, 4375, 4378, 4389, 4390, 4408, 4409, 4415, 4436, 4441, 4444, 4446, 4469, 4484, 4487, 4498, 4513, 4526, 4532, 4547, 4593, 4611, 4631, 4635, 4647, 4653, 4658, 4659, 4661, 4677, 4699, 4701, 4725, 4752, 4766, 4768, 4769, 4786, 4788, 4798, 4812, 4822, 4823, 4832, 4850, 4861, 4865, 4875, 4879, 4889, 4960, 4973, 5011, 5013, 5024, 5054, 5065, 5079, 5081, 5106, 5121, 5123, 5136, 5139, 5140, 5156, 5172, 5182, 5188, 5219, 5245, 5250, 5275, 5297, 5304, 5306, 5313, 5343, 5439, 5443, 5459, 5479, 5503, 5566, 5595, 5601, 5628, 5642, 5673, 5683, 5695, 5706, 5711, 5712, 5713, 5753, 5761, 5816, 5818, 5822, 5824, 5831, 5836, 5845, 5902, 5909, 5923, 5945, 5981, 5991, 6023, 6056, 6066, 6070, 6073, 6093, 6107, 6109, 6117, 6124, 6151, 6170, 6182, 6211, 6219, 6226, 6250, 6270, 6277, 6296, 6313, 6314, 6316, 6373, 6385, 6387, 6392, 6411, 6440, 6450, 6470, 6473, 6483, 6517, 6522, 6531, 6555, 6561, 6564, 6578, 6591, 6596, 6642, 6658, 6665, 6680, 6686, 6736, 6744, 6749, 6755, 6761, 6772, 6781, 6785, 6794, 6800, 6815, 6851, 6892, 6894, 6937, 6940, 6967, 6984, 6997, 7122, 7128, 7152, 7155, 7192, 7207, 7230, 7238, 7246, 7269, 7327, 7334, 7335, 7336, 7351, 7383, 7395, 7435, 7443, 7445, 7486, 7508, 7534, 7540, 7549, 7564, 7609, 7612, 7650, 7655, 7681, 7729, 7741, 7800, 7841, 7844, 7880, 7881, 7908, 7921, 7939, 7943, 7948, 7967, 7972
DNA, Partition_26 = 36, 62, 89, 112, 117, 253, 339, 431, 443, 458, 547, 570, 586, 618, 632, 664, 673, 709, 761, 763, 799, 845, 855, 885, 893, 907, 914, 955, 1012, 1022, 1077, 1080, 1081, 1082, 1094, 1123, 1138, 1139, 1142, 1183, 1188, 1210, 1216, 1235, 1251, 1281, 1289, 1311, 1328, 1330, 1394, 1398, 1406, 1415, 1419, 1427, 1442, 1443, 1445, 1446, 1451, 1459, 1481, 1482, 1527, 1538, 1542, 1557, 1591, 1607, 1608, 1641, 1648, 1660, 1676, 1760, 1767, 1772, 1776, 1786, 1795, 1800, 1821, 1838, 1845, 1856, 1861, 1865, 1867, 1868, 1877, 1938, 1951, 1954, 1974, 1982, 2027, 2063, 2076, 2077, 2079, 2090, 2166, 2200, 2206, 2223, 2234, 2242, 2283, 2307, 2311, 2325, 2333, 2339, 2378, 2380, 2384, 2436, 2438, 2480, 2513, 2537, 2545, 2575, 2596, 2607, 2628, 2648, 2650, 2673, 2679, 2699, 2768, 2791, 2792, 2804, 2824, 2838, 2852, 2853, 2863, 2897, 2907, 2909, 2926, 2933, 2949, 2950, 2953, 2958, 2968, 2981, 2983, 2994, 2997, 3011, 3038, 3045, 3051, 3063, 3089, 3101, 3122, 3128, 3135, 3145, 3152, 3155, 3170, 3223, 3237, 3255, 3291, 3299, 3309, 3325, 3328, 3342, 3347, 3371, 3450, 3452, 3454, 3463, 3505, 3512, 3534, 3536, 3538, 3549, 3556, 3569, 3615, 3632, 3643, 3662, 3668, 3672, 3711, 3763, 3781, 3798, 3801, 3807, 3809, 3853, 3855, 3876, 3901, 3911, 3917, 3955, 3974, 4008, 4020, 4029, 4054, 4057, 4058, 4061, 4075, 4079, 4083, 4091, 4098, 4143, 4198, 4209, 4219, 4230, 4242, 4255, 4267, 4282, 4288, 4291, 4312, 4328, 4372, 4423, 4430, 4432, 4472, 4502, 4517, 4523, 4548, 4576, 4580, 4627, 4629, 4641, 4642, 4689, 4708, 4710, 4712, 4729, 4735, 4771, 4801, 4821, 4828, 4837, 4858, 4915, 4950, 4992, 4996, 5005, 5017, 5018, 5019, 5025, 5030, 5038, 5078, 5087, 5089, 5094, 5116, 5120, 5129, 5192, 5193, 5218, 5236, 5243, 5267, 5295, 5305, 5308, 5309, 5310, 5337, 5339, 5340, 5349, 5381, 5388, 5393, 5405, 5410, 5414, 5429, 5431, 5451, 5470, 5472, 5475, 5478, 5487, 5498, 5507, 5508, 5514, 5536, 5579, 5600, 5603, 5604, 5619, 5621, 5625, 5627, 5631, 5632, 5633, 5637, 5638, 5640, 5647, 5649, 5659, 5681, 5685, 5696, 5705, 5720, 5724, 5726, 5728, 5731, 5752, 5802, 5820, 5829, 5830, 5858, 5865, 5873, 5901, 5914, 5946, 5948, 5968, 6065, 6097, 6114, 6119, 6129, 6179, 6200, 6242, 6258, 6262, 6273, 6282, 6283, 6285, 6286, 6300, 6302, 6303, 6344, 6368, 6377, 6391, 6410, 6441, 6464, 6485, 6507, 6541, 6562, 6589, 6590, 6593, 6604, 6606, 6617, 6643, 6661, 6684, 6704, 6706, 6708, 6714, 6718, 6726, 6747, 6765, 6774, 6788, 6804, 6809, 6816, 6821, 6829, 6831, 6840, 6846, 6885, 6920, 6925, 6959, 6964, 6978, 7011, 7027, 7029, 7031, 7076, 7078, 7089, 7147, 7148, 7173, 7184, 7187, 7188, 7214, 7232, 7252, 7254, 7261, 7265, 7276, 7331, 7339, 7341, 7349, 7396, 7410, 7414, 7417, 7427, 7429, 7432, 7485, 7493, 7509, 7526, 7545, 7561, 7576, 7583, 7603, 7638, 7642, 7649, 7652, 7688, 7695, 7716, 7731, 7765, 7781, 7783, 7808, 7823, 7827, 7829, 7871, 7899, 7923, 7968, 7983
DNA, Partition_27 = 47, 118, 121, 158, 161, 168, 308, 314, 380, 475, 557, 584, 595, 666, 808, 886, 906, 995, 1009, 1016, 1029, 1040, 1042, 1067, 1121, 1131, 1137, 1160, 1169, 1172, 1177, 1198, 1219, 1260, 1279, 1285, 1295, 1297, 1318, 1327, 1358, 1407, 1416, 1434, 1437, 1476, 1494, 1495, 1496, 1518, 1524, 1556, 1561, 1587, 1606, 1610, 1618, 1623, 1654, 1670, 1689, 1714, 1755, 1844, 1847, 1866, 1869, 1874, 1904, 1921, 1960, 1968, 1981, 1983, 2005, 2012, 2041, 2051, 2059, 2099, 2112, 2114, 2125, 2129, 2177, 2235, 2269, 2289, 2300, 2331, 2335, 2355, 2356, 2372, 2402, 2424, 2445, 2459, 2462, 2468, 2538, 2564, 2573, 2582, 2583, 2599, 2603, 2611, 2644, 2701, 2706, 2713, 2720, 2721, 2748, 2754, 2758, 2769, 2802, 2808, 2837, 2843, 2846, 2851, 2861, 2868, 2886, 2891, 2904, 2913, 2917, 2941, 2943, 2967, 2988, 2995, 3034, 3041, 3067, 3103, 3124, 3126, 3161, 3165, 3171, 3178, 3184, 3200, 3206, 3220, 3233, 3253, 3254, 3257, 3258, 3293, 3312, 3386, 3401, 3417, 3428, 3432, 3438, 3449, 3521, 3566, 3582, 3637, 3666, 3670, 3680, 3715, 3729, 3730, 3748, 3753, 3766, 3774, 3837, 3851, 3857, 3888, 3940, 3967, 3973, 3980, 4034, 4102, 4121, 4131, 4134, 4192, 4199, 4222, 4225, 4241, 4270, 4313, 4344, 4346, 4359, 4370, 4385, 4393, 4413, 4471, 4486, 4504, 4552, 4581, 4589, 4638, 4649, 4651, 4718, 4727, 4734, 4736, 4764, 4767, 4780, 4787, 4799, 4835, 4851, 4878, 4882, 4895, 4941, 4999, 5049, 5072, 5098, 5104, 5126, 5143, 5152, 5154, 5159, 5165, 5179, 5185, 5198, 5200, 5224, 5240, 5252, 5264, 5268, 5281, 5288, 5324, 5330, 5333, 5338, 5359, 5360, 5379, 5380, 5383, 5402, 5420, 5430, 5445, 5480, 5505, 5510, 5516, 5520, 5525, 5547, 5560, 5613, 5629, 5663, 5666, 5671, 5687, 5699, 5704, 5717, 5722, 5738, 5743, 5769, 5780, 5787, 5805, 5833, 5834, 5857, 5860, 5905, 5917, 5927, 5953, 5958, 5992, 5994, 5997, 6002, 6031, 6032, 6044, 6113, 6138, 6148, 6153, 6162, 6172, 6175, 6205, 6216, 6275, 6322, 6363, 6372, 6381, 6390, 6414, 6424, 6465, 6468, 6471, 6477, 6504, 6505, 6512, 6526, 6551, 6594, 6598, 6662, 6677, 6716, 6719, 6750, 6795, 6827, 6870, 6929, 6968, 7010, 7017, 7025, 7063, 7086, 7092, 7116, 7136, 7180, 7185, 7198, 7208, 7218, 7244, 7245, 7275, 7310, 7312, 7324, 7326, 7333, 7374, 7385, 7413, 7474, 7490, 7517, 7547, 7554, 7563, 7581, 7582, 7637, 7640, 7683, 7684, 7711, 7719, 7806, 7807, 7814, 7825, 7833, 7857, 7901, 7947, 7955, 7981
DNA, Partition_28 = 44, 77, 166, 192, 224, 361, 384, 472, 490, 495, 517, 555, 598, 638, 684, 719, 750, 816, 901, 925, 927, 930, 952, 1020, 1023, 1026, 1034, 1053, 1092, 1106, 1149, 1170, 1182, 1204, 1228, 1232, 1237, 1241, 1242, 1259, 1264, 1382, 1388, 1417, 1418, 1444, 1478, 1489, 1492, 1522, 1526, 1541, 1571, 1578, 1619, 1620, 1630, 1633, 1650, 1662, 1677, 1709, 1711, 1731, 1740, 1775, 1815, 1850, 1852, 1893, 1932, 1949, 1969, 1976, 1995, 2095, 2124, 2139, 2159, 2169, 2182, 2184, 2196, 2213, 2241, 2246, 2276, 2291, 2310, 2367, 2375, 2382, 2439, 2469, 2488, 2503, 2535, 2549, 2562, 2660, 2680, 2734, 2772, 2780, 2789, 2801, 2818, 2845, 2848, 2869, 2871, 2875, 2879, 2900, 2916, 2924, 2938, 2975, 3001, 3015, 3019, 3022, 3033, 3055, 3061, 3094, 3095, 3105, 3116, 3120, 3121, 3159, 3182, 3203, 3228, 3229, 3334, 3353, 3380, 3387, 3405, 3419, 3442, 3447, 3462, 3488, 3515, 3518, 3525, 3604, 3609, 3625, 3634, 3656, 3726, 3749, 3818, 3828, 3831, 3844, 3846, 3871, 3908, 3939, 3941, 3956, 3968, 3982, 4025, 4033, 4068, 4108, 4130, 4188, 4200, 4210, 4223, 4228, 4235, 4246, 4251, 4336, 4404, 4438, 4439, 4489, 4508, 4570, 4657, 4681, 4696, 4698, 4779, 4880, 4916, 4935, 4989, 5029, 5048, 5064, 5073, 5077, 5108, 5114, 5118, 5122, 5153, 5195, 5220, 5225, 5230, 5235, 5242, 5253, 5271, 5274, 5276, 5286, 5317, 5361, 5363, 5370, 5382, 5384, 5385, 5389, 5391, 5395, 5421, 5424, 5485, 5491, 5555, 5556, 5559, 5577, 5587, 5615, 5616, 5655, 5714, 5719, 5760, 5772, 5796, 5806, 5807, 5850, 5862, 5882, 5894, 5910, 5916, 5929, 5932, 5938, 6000, 6034, 6037, 6041, 6077, 6098, 6158, 6185, 6220, 6238, 6328, 6482, 6544, 6574, 6580, 6626, 6664, 6698, 6724, 6731, 6757, 6769, 6778, 6803, 6838, 6841, 6922, 6923, 6948, 6970, 6974, 6982, 6990, 7016, 7054, 7062, 7066, 7068, 7072, 7091, 7095, 7100, 7108, 7121, 7154, 7165, 7210, 7236, 7273, 7288, 7291, 7301, 7306, 7309, 7315, 7340, 7355, 7359, 7402, 7434, 7458, 7505, 7514, 7520, 7548, 7553, 7566, 7601, 7604, 7608, 7619, 7633, 7656, 7665, 7666, 7699, 7706, 7713, 7724, 7726, 7746, 7771, 7784, 7813, 7818, 7819, 7837, 7850, 7925, 7935, 7969
DNA, Partition_29 = 42, 79, 145, 151, 189, 217, 228, 237, 316, 377, 545, 608, 649, 710, 730, 741, 754, 847, 859, 1051, 1063, 1074, 1105, 1128, 1134, 1156, 1226, 1245, 1287, 1336, 1362, 1433, 1447, 1493, 1498, 1535, 1549, 1576, 1600, 1621, 1634, 1646, 1724, 1738, 1771, 1782, 1796, 1802, 1820, 1894, 1903, 1906, 1907, 1910, 1948, 1952, 1957, 1967, 1989, 2002, 2020, 2036, 2083, 2103, 2116, 2126, 2203, 2245, 2263, 2266, 2388, 2415, 2440, 2450, 2451, 2505, 2544, 2604, 2653, 2703, 2750, 2752, 2761, 2779, 2910, 2929, 2954, 2976, 2999, 3031, 3057, 3082, 3106, 3108, 3110, 3112, 3219, 3264, 3319, 3340, 3535, 3561, 3602, 3620, 3648, 3735, 3741, 3747, 3777, 3789, 3823, 3885, 3897, 3904, 3961, 3965, 3983, 3997, 4017, 4044, 4059, 4105, 4139, 4202, 4354, 4367, 4398, 4410, 4437, 4512, 4577, 4587, 4636, 4670, 4726, 4781, 4794, 4797, 4804, 4959, 4962, 4983, 5042, 5050, 5052, 5055, 5147, 5190, 5259, 5263, 5298, 5301, 5319, 5436, 5489, 5490, 5515, 5557, 5602, 5608, 5639, 5660, 5677, 5716, 5727, 5733, 5744, 5756, 5764, 5794, 5828, 5840, 5855, 5888, 5889, 5942, 5952, 5959, 5967, 5970, 6026, 6029, 6038, 6104, 6110, 6160, 6184, 6254, 6350, 6403, 6405, 6406, 6416, 6443, 6455, 6457, 6492, 6516, 6597, 6639, 6640, 6682, 6848, 6897, 6945, 6951, 6979, 7046, 7052, 7055, 7074, 7133, 7159, 7171, 7182, 7201, 7204, 7215, 7220, 7297, 7337, 7379, 7393, 7409, 7412, 7421, 7437, 7459, 7492, 7502, 7510, 7559, 7578, 7580, 7588, 7615, 7627, 7639, 7663, 7702, 7712, 7733, 7756, 7770, 7777, 7789, 7805, 7840, 7855, 7858, 7862, 7910, 7938, 7970
DNA, Partition_30 = 27, 206, 292, 385, 402, 497, 538, 582, 613, 660, 675, 880, 881, 882, 950, 1011, 1083, 1153, 1187, 1191, 1223, 1284, 1303, 1344, 1425, 1530, 1640, 1668, 1679, 1696, 1751, 1752, 1754, 1788, 1790, 1798, 1851, 1853, 1898, 1923, 1945, 1971, 2015, 2034, 2038, 2050, 2092, 2218, 2250, 2274, 2338, 2346, 2386, 2420, 2455, 2475, 2499, 2501, 2522, 2602, 2619, 2620, 2655, 2716, 2764, 2788, 2857, 2925, 2957, 2985, 3013, 3078, 3191, 3231, 3308, 3338, 3418, 3425, 3429, 3435, 3627, 3896, 3970, 4003, 4070, 4085, 4101, 4168, 4360, 4447, 4499, 4511, 4541, 4604, 4608, 4652, 4866, 4901, 5043, 5068, 5112, 5113, 5119, 5125, 5127, 5132, 5138, 5170, 5176, 5178, 5222, 5231, 5262, 5346, 5365, 5377, 5397, 5403, 5442, 5448, 5461, 5469, 5497, 5533, 5546, 5553, 5612, 5622, 5650, 5670, 5672, 5674, 5692, 5734, 5754, 5781, 5784, 5811, 5832, 5854, 5893, 5915, 5928, 5956, 5962, 5977, 6036, 6121, 6155, 6366, 6388, 6454, 6469, 6508, 6582, 6612, 6676, 6960, 6980, 7049, 7106, 7114, 7117, 7134, 7160, 7189, 7225, 7268, 7284, 7362, 7370, 7381, 7384, 7388, 7400, 7405, 7420, 7439, 7444, 7449, 7516, 7555, 7572, 7592, 7624, 7631, 7647, 7671, 7723, 7742, 7752, 7761, 7766, 7776, 7780, 7820, 7824, 7834, 7847, 7878, 7894, 7914, 7961, 7977
DNA, Partition_31 = 24, 41, 129, 400, 615, 776, 804, 895, 940, 974, 1013, 1059, 1098, 1104, 1141, 1155, 1159, 1206, 1319, 1321, 1325, 1354, 1361, 1365, 1428, 1431, 1435, 1487, 1570, 1601, 1616, 1651, 1749, 1770, 1783, 1785, 1809, 1900, 1920, 1959, 1977, 1987, 2019, 2130, 2188, 2210, 2231, 2259, 2265, 2290, 2484, 2534, 2591, 2614, 2639, 2705, 2810, 2952, 2969, 3026, 3058, 3225, 3349, 3360, 3368, 3513, 3540, 3597, 3676, 3697, 3700, 4138, 4216, 4272, 4391, 4573, 4662, 4680, 4756, 4937, 4943, 4969, 5008, 5047, 5130, 5144, 5287, 5307, 5356, 5440, 5466, 5537, 5558, 5571, 5596, 5605, 5678, 5768, 5778, 5813, 5906, 5961, 6021, 6102, 6304, 6362, 6407, 6451, 6476, 6579, 6583, 6670, 6678, 6709, 6834, 6858, 6912, 7008, 7024, 7064, 7126, 7140, 7143, 7153, 7176, 7177, 7195, 7211, 7231, 7251, 7263, 7281, 7295, 7332, 7343, 7345, 7363, 7378, 7451, 7452, 7472, 7491, 7498, 7507, 7513, 7560, 7596, 7598, 7605, 7621, 7622, 7641, 7659, 7677, 7678, 7694, 7697, 7715, 7720, 7730, 7785, 7791, 7795, 7802, 7828, 7832, 7846, 7860, 7873, 7891, 7906, 7911, 7917, 7919, 7950, 7958
DNA, Partition_32 = 138, 142, 212, 218, 229, 296, 300, 301, 328, 340, 417, 438, 492, 503, 579, 616, 635, 641, 650, 691, 692, 728, 746, 766, 771, 786, 789, 790, 809, 908, 956, 969, 991, 1006, 1014, 1031, 1032, 1036, 1039, 1044, 1046, 1049, 1055, 1066, 1084, 1091, 1096, 1103, 1117, 1129, 1140, 1147, 1148, 1165, 1194, 1197, 1200, 1202, 1207, 1208, 1229, 1238, 1247, 1248, 1269, 1294, 1298, 1300, 1306, 1315, 1320, 1322, 1324, 1372, 1381, 1393, 1396, 1399, 1413, 1424, 1430, 1468, 1472, 1483, 1484, 1499, 1501, 1507, 1516, 1533, 1543, 1551, 1563, 1566, 1581, 1582, 1584, 1597, 1602, 1611, 1612, 1624, 1631, 1645, 1665, 1680, 1690, 1693, 1702, 1703, 1717, 1721, 1722, 1728, 1739, 1741, 1748, 1758, 1768, 1774, 1777, 1779, 1781, 1784, 1797, 1811, 1812, 1819, 1827, 1829, 1831, 1840, 1846, 1863, 1886, 1891, 1896, 1913, 1914, 1922, 1936, 1964, 1973, 1975, 1978, 1996, 1999, 2003, 2008, 2018, 2029, 2033, 2069, 2107, 2143, 2145, 2178, 2191, 2198, 2221, 2254, 2273, 2275, 2295, 2298, 2316, 2329, 2348, 2352, 2354, 2362, 2370, 2376, 2429, 2442, 2444, 2446, 2461, 2466, 2486, 2492, 2493, 2539, 2556, 2588, 2595, 2632, 2666, 2683, 2685, 2691, 2712, 2726, 2736, 2775, 2777, 2816, 2842, 2844, 2850, 2890, 2921, 2964, 2971, 2982, 2993, 3030, 3060, 3070, 3071, 3075, 3088, 3102, 3156, 3188, 3193, 3199, 3261, 3285, 3316, 3341, 3356, 3397, 3461, 3499, 3503, 3504, 3528, 3544, 3552, 3577, 3583, 3595, 3654, 3655, 3657, 3679, 3717, 3720, 3724, 3731, 3767, 3773, 3775, 3793, 3813, 3864, 3866, 3919, 3928, 3930, 3951, 3971, 3987, 3988, 3996, 4018, 4036, 4076, 4117, 4135, 4150, 4169, 4260, 4278, 4310, 4315, 4417, 4506, 4525, 4622, 4639, 4654, 4672, 4716, 4990, 5004, 5012, 5020, 5040, 5044, 5046, 5057, 5069, 5085, 5088, 5099, 5115, 5131, 5133, 5149, 5164, 5169, 5174, 5183, 5189, 5196, 5197, 5202, 5204, 5205, 5209, 5211, 5212, 5215, 5217, 5227, 5234, 5283, 5311, 5318, 5321, 5323, 5329, 5331, 5344, 5345, 5352, 5354, 5366, 5374, 5376, 5398, 5407, 5416, 5444, 5446, 5453, 5462, 5465, 5468, 5477, 5488, 5492, 5500, 5513, 5521, 5527, 5535, 5543, 5550, 5551, 5568, 5572, 5573, 5574, 5575, 5578, 5586, 5591, 5597, 5598, 5607, 5634, 5641, 5643, 5644, 5645, 5679, 5682, 5697, 5698, 5700, 5710, 5725, 5730, 5735, 5749, 5751, 5755, 5757, 5759, 5774, 5782, 5785, 5789, 5797, 5812, 5815, 5821, 5835, 5838, 5843, 5848, 5853, 5859, 5861, 5866, 5869, 5911, 5919, 5926, 5934, 5950, 5951, 5960, 5973, 5978, 5986, 5987, 5990, 5998, 6083, 6177, 6192, 6194, 6206, 6209, 6213, 6225, 6293, 6305, 6324, 6330, 6430, 6466, 6599, 6605, 6751, 6836, 6901, 6934, 6955, 7003, 7004, 7005, 7012, 7018, 7019, 7020, 7030, 7038, 7040, 7042, 7043, 7044, 7047, 7048, 7050, 7057, 7061, 7065, 7069, 7073, 7077, 7079, 7081, 7085, 7087, 7088, 7090, 7094, 7096, 7098, 7099, 7104, 7105, 7112, 7113, 7115, 7118, 7119, 7120, 7123, 7125, 7129, 7130, 7131, 7132, 7138, 7139, 7144, 7146, 7149, 7156, 7162, 7164, 7169, 7170, 7172, 7174, 7178, 7179, 7183, 7190, 7191, 7193, 7196, 7197, 7199, 7200, 7202, 7205, 7209, 7212, 7216, 7217, 7219, 7222, 7224, 7227, 7234, 7235, 7239, 7240, 7242, 7250, 7253, 7259, 7262, 7264, 7267, 7271, 7274, 7283, 7286, 7287, 7289, 7290, 7294, 7296, 7298, 7305, 7307, 7308, 7311, 7313, 7317, 7318, 7319, 7321, 7323, 7329, 7330, 7338, 7344, 7346, 7352, 7354, 7356, 7358, 7360, 7361, 7365, 7366, 7372, 7376, 7377, 7380, 7382, 7389, 7391, 7397, 7398, 7403, 7407, 7416, 7424, 7425, 7426, 7430, 7436, 7440, 7442, 7446, 7448, 7453, 7454, 7461, 7462, 7465, 7466, 7468, 7469, 7470, 7475, 7477, 7478, 7480, 7487, 7489, 7497, 7500, 7515, 7521, 7525, 7527, 7531, 7533, 7535, 7537, 7541, 7543, 7546, 7550, 7552, 7556, 7557, 7558, 7568, 7569, 7571, 7573, 7574, 7575, 7577, 7586, 7587, 7590, 7591, 7597, 7600, 7602, 7607, 7613, 7614, 7616, 7618, 7628, 7629, 7632, 7634, 7643, 7644, 7645, 7660, 7670, 7672, 7674, 7675, 7679, 7682, 7685, 7687, 7691, 7692, 7696, 7698, 7700, 7704, 7705, 7707, 7710, 7714, 7717, 7722, 7725, 7727, 7728, 7734, 7735, 7738, 7743, 7744, 7749, 7751, 7754, 7755, 7757, 7759, 7760, 7764, 7767, 7768, 7769, 7772, 7774, 7775, 7778, 7782, 7787, 7794, 7796, 7797, 7809, 7811, 7812, 7815, 7816, 7821, 7822, 7830, 7831, 7835, 7836, 7838, 7843, 7845, 7848, 7852, 7853, 7854, 7856, 7859, 7861, 7865, 7866, 7867, 7869, 7882, 7888, 7889, 7893, 7905, 7909, 7915, 7916, 7926, 7927, 7928, 7929, 7932, 7934, 7940, 7942, 7951, 7952, 7953, 7959, 7960, 7962, 7973, 7978, 7986, 7987, 7990, 7991, 7992, 7993, 7994, 7997, 7998, 8000