Partition output from ratepartitions.py
--Written by Tobias Malm (20121130)

For rate file: 1.rates with 5000 sites!

Manually set dividing factor: 4.0
Partitions calculated according to:
	1st partition: highest rate - ((highest rate - minimum_rate)/(4.0)),
	the remaining as lower boundary rate= upper boundary rate -((upper boundary rate - minimum rate)/(4.0+Partitionnumber*0.3)).
	Last partition created when less than 10% of total characters are left (=500.0 characters).

Rate spread of entire data set (Highest (slowest, 1=invariant) to lowest (fastest) ): Highest: 0.448423017937, lowest: 0.0708475028339, spread: 0.377575515103
Partition_1(4 sites):	Rate-span: 0.448423-0.354029

Partition_2(4 sites):	Rate-span: 0.354029-0.292468

Partition_3(9 sites):	Rate-span: 0.292468-0.247239

Partition_4(17 sites):	Rate-span: 0.247239-0.213318

Partition_5(13 sites):	Rate-span: 0.213318-0.187414

Partition_6(22 sites):	Rate-span: 0.187414-0.167316

Partition_7(31 sites):	Rate-span: 0.167316-0.151502

Partition_8(43 sites):	Rate-span: 0.151502-0.1389

Partition_9(47 sites):	Rate-span: 0.1389-0.128743

Partition_10(78 sites):	Rate-span: 0.128743-0.120472

Partition_11(79 sites):	Rate-span: 0.120472-0.113674

Partition_12(106 sites):	Rate-span: 0.113674-0.108039

Partition_13(154 sites):	Rate-span: 0.108039-0.103331

Partition_14(187 sites):	Rate-span: 0.103331-0.09937

Partition_15(223 sites):	Rate-span: 0.09937-0.096014

Partition_16(242 sites):	Rate-span: 0.096014-0.093154

Partition_17(296 sites):	Rate-span: 0.093154-0.090703

Partition_18(348 sites):	Rate-span: 0.090703-0.088591

Partition_19(361 sites):	Rate-span: 0.088591-0.086762

Partition_20(369 sites):	Rate-span: 0.086762-0.08517

Partition_21(376 sites):	Rate-span: 0.08517-0.08378

Partition_22(315 sites):	Rate-span: 0.08378-0.08256

Partition_23(327 sites):	Rate-span: 0.08256-0.081485

Partition_24(243 sites):	Rate-span: 0.081485-0.080535

Partition_25(184 sites):	Rate-span: 0.080535-0.079693

Partition_26(185 sites):	Rate-span: 0.079693-0.078943

Partition_27(121 sites):	Rate-span: 0.078943-0.078274

Partition_28(108 sites):	Rate-span: 0.078274-0.077675

Partition_29(82 sites):	Rate-span: 0.077675-0.077138

Partition_30(426 sites):	Rate-span: 0.077138-0.070848



MrBayes style
begin mrbayes;
Charset Partition_1 = 438 1013 2508 4821;
Charset Partition_2 = 74 239 762 1400;
Charset Partition_3 = 537 983 1005 1014 2627 2721 2974 4661 4888;
Charset Partition_4 = 42 662 663 855 994 1324 1707 1784 2083 2313 2885 3668 3840 4238 4430 4481 4988;
Charset Partition_5 = 41 449 482 824 1560 1697 1947 1978 2235 2692 3206 3979 4931;
Charset Partition_6 = 336 450 470 590 805 1474 1543 1753 1939 1955 2169 2370 2428 2716 2968 3146 3460 3820 4261 4277 4301 4582;
Charset Partition_7 = 293 325 460 523 950 1110 1169 1373 1383 1473 1538 1615 1624 1788 1917 2111 2232 2278 2727 2730 2763 2944 2996 3127 3493 3683 3780 3809 4063 4090 4599;
Charset Partition_8 = 10 21 76 82 216 225 594 646 649 702 774 897 1050 1457 1483 1512 1530 1553 1811 1893 1921 2022 2079 2345 2498 2502 2527 2534 2540 2717 2726 2795 2894 2926 3253 3291 3306 3491 3922 4639 4672 4876 4893;
Charset Partition_9 = 31 55 83 187 290 306 443 601 650 905 913 1330 1363 1398 1406 1700 1787 1986 2102 2271 2275 2293 2392 2427 2452 2496 2524 2639 2645 2687 2735 2804 3025 3072 3114 3417 3588 3666 3858 3866 3876 4122 4297 4384 4507 4524 4563;
Charset Partition_10 = 50 57 265 299 348 481 487 491 530 560 613 670 744 750 1078 1123 1239 1254 1583 1657 1661 1701 1711 1735 1847 1871 1873 1930 2058 2233 2291 2320 2396 2737 2790 2800 2806 2830 2861 2958 2986 3011 3030 3148 3221 3223 3296 3310 3332 3372 3386 3395 3400 3436 3457 3465 3472 3498 3522 3539 3632 3685 3768 3812 3899 3961 4178 4268 4368 4389 4438 4511 4541 4606 4824 4862 4901 4906;
Charset Partition_11 = 28 110 133 314 397 401 411 461 466 591 707 708 788 900 955 970 972 1017 1102 1161 1176 1197 1206 1216 1288 1372 1385 1419 1481 1505 1526 1570 1606 1612 1659 1794 1853 1941 2021 2045 2148 2156 2195 2309 2323 2364 2478 2555 2729 2751 2866 2915 2947 3003 3029 3081 3163 3371 3377 3407 3446 3506 3612 3662 3669 3727 3748 3933 3972 4015 4056 4121 4125 4338 4486 4600 4714 4884 4889;
Charset Partition_12 = 58 79 113 149 158 179 237 248 252 303 318 357 459 510 596 616 660 677 698 700 704 737 743 765 801 819 856 875 898 930 1190 1223 1257 1287 1302 1469 1470 1498 1576 1578 1627 1676 1723 1732 1767 1778 1814 1901 1914 1954 1976 1981 2004 2048 2052 2061 2177 2241 2253 2258 2314 2322 2395 2446 2467 2490 2492 2573 2603 2606 2622 2623 2646 2715 2748 2936 3001 3048 3063 3084 3198 3303 3333 3351 3456 3531 3654 3673 3734 3819 3892 3901 3926 4120 4151 4181 4235 4264 4459 4533 4621 4630 4644 4756 4823 4922;
Charset Partition_13 = 8 18 20 38 137 189 226 247 270 287 289 292 298 354 364 378 380 420 433 444 457 509 544 563 620 621 622 624 652 696 705 714 754 778 836 890 927 1020 1028 1053 1100 1107 1116 1145 1156 1183 1217 1243 1249 1293 1382 1393 1404 1418 1423 1435 1475 1563 1565 1613 1660 1674 1717 1801 1824 1834 1866 1878 1904 1905 1931 1933 1983 2007 2011 2042 2046 2093 2109 2132 2138 2182 2183 2190 2230 2280 2321 2349 2377 2418 2455 2459 2471 2472 2513 2544 2546 2618 2626 2783 2784 2851 2857 2858 2868 2880 2891 2924 2955 2975 2977 2983 2988 3093 3097 3102 3106 3165 3199 3213 3282 3311 3345 3379 3423 3434 3441 3443 3510 3511 3519 3587 3708 3775 3793 3800 3827 3830 3923 3928 3944 3959 3974 4051 4146 4160 4352 4405 4550 4602 4607 4638 4766 4977;
Charset Partition_14 = 24 73 99 102 118 125 126 140 161 196 229 254 305 328 339 367 382 391 394 456 467 473 512 528 562 586 593 604 605 682 736 753 847 906 908 922 945 971 976 988 991 1018 1022 1075 1094 1163 1207 1218 1233 1236 1242 1259 1270 1286 1292 1309 1313 1369 1388 1392 1414 1430 1431 1432 1438 1448 1460 1484 1492 1497 1525 1528 1545 1597 1602 1668 1685 1698 1745 1781 1810 1851 1861 1881 1883 1909 1911 1951 1967 2020 2025 2037 2053 2095 2113 2130 2219 2262 2328 2350 2351 2355 2371 2413 2441 2456 2486 2542 2560 2566 2599 2605 2629 2648 2651 2660 2718 2777 2791 2797 2829 2843 2846 2872 2875 2910 2914 2923 2946 2957 2973 2989 3047 3071 3195 3259 3278 3295 3318 3367 3374 3462 3478 3530 3545 3559 3562 3586 3638 3639 3643 3659 3664 3667 3697 3717 3719 3737 3739 3741 3749 3764 3772 3786 3789 3791 3829 3851 3912 3931 3957 4081 4100 4317 4374 4473 4575 4624 4640 4647 4675 4709 4800 4806 4851 4867 4885;
Charset Partition_15 = 13 23 66 86 109 123 129 155 219 234 249 262 266 268 274 284 300 307 313 344 351 383 384 409 417 429 446 451 463 478 526 603 651 722 726 734 742 751 764 780 786 807 811 831 837 920 928 935 941 962 985 990 999 1048 1065 1080 1087 1088 1103 1109 1208 1215 1219 1226 1300 1317 1390 1412 1415 1436 1443 1458 1501 1517 1518 1520 1585 1637 1720 1728 1733 1755 1782 1876 1898 1923 1935 1985 2009 2018 2035 2038 2040 2065 2072 2075 2094 2097 2114 2119 2125 2136 2139 2141 2147 2162 2164 2191 2203 2207 2212 2228 2254 2264 2315 2319 2333 2337 2358 2366 2375 2390 2417 2434 2483 2497 2517 2556 2577 2611 2690 2709 2736 2798 2808 2810 2828 2877 2886 2887 2908 2909 2951 2961 2970 3033 3050 3065 3121 3128 3136 3137 3142 3174 3200 3203 3250 3257 3260 3271 3272 3283 3288 3344 3368 3398 3416 3418 3437 3505 3534 3576 3591 3593 3597 3620 3626 3652 3682 3687 3694 3695 3700 3704 3735 3752 3763 3767 3806 3849 3870 3897 3917 3947 3958 3960 3971 3981 3983 3987 3992 4026 4068 4126 4161 4225 4278 4293 4316 4414 4435 4439 4461 4475 4565 4585 4660 4741 4758 4779 4803 4837 4919;
Charset Partition_16 = 1 34 39 64 71 75 85 88 90 111 171 174 186 245 261 263 280 345 381 408 410 414 439 442 454 458 465 484 502 515 517 525 541 612 615 633 653 692 752 766 810 817 818 843 852 853 880 904 918 949 952 966 978 979 982 1010 1026 1089 1092 1098 1113 1122 1235 1244 1267 1312 1338 1343 1352 1359 1442 1447 1472 1499 1502 1506 1521 1522 1536 1542 1595 1601 1631 1644 1649 1650 1667 1670 1772 1790 1812 1842 1854 1858 1867 1919 1995 2039 2057 2060 2080 2084 2089 2103 2120 2145 2194 2209 2234 2297 2298 2303 2306 2308 2347 2352 2357 2414 2463 2482 2504 2506 2512 2528 2530 2541 2543 2588 2591 2593 2595 2616 2686 2688 2720 2749 2756 2774 2776 2815 2817 2819 2855 2913 2921 2943 2979 2990 2991 3000 3008 3019 3031 3061 3083 3087 3124 3138 3155 3158 3164 3177 3197 3220 3279 3294 3340 3341 3347 3378 3385 3387 3412 3428 3466 3501 3507 3533 3535 3585 3598 3624 3629 3633 3641 3646 3649 3650 3661 3692 3743 3753 3778 3785 3796 3801 3803 3848 3867 3903 3919 3925 3938 3952 3977 3991 4001 4009 4017 4022 4123 4149 4155 4255 4282 4319 4329 4369 4387 4388 4395 4415 4419 4479 4508 4551 4553 4581 4608 4686 4693 4735 4751 4755 4773 4774 4792 4807 4809 4828 4984 4992;
Charset Partition_17 = 25 27 177 205 214 224 271 276 294 295 302 304 309 323 329 335 341 359 368 372 393 413 424 432 448 469 486 489 507 518 531 533 534 573 574 575 579 630 641 644 657 658 668 679 687 746 749 755 757 787 791 823 839 850 862 871 886 910 912 914 924 938 959 964 1016 1037 1039 1049 1061 1063 1096 1104 1133 1140 1159 1174 1187 1189 1199 1229 1253 1268 1299 1304 1323 1427 1466 1490 1508 1519 1551 1557 1609 1662 1702 1715 1780 1789 1819 1829 1859 1903 1912 1988 2016 2043 2063 2071 2086 2090 2121 2124 2166 2189 2198 2201 2206 2248 2252 2255 2276 2281 2299 2311 2316 2356 2374 2380 2391 2399 2409 2416 2435 2436 2440 2443 2448 2453 2475 2485 2488 2500 2509 2574 2578 2584 2587 2598 2600 2604 2607 2613 2638 2657 2683 2713 2734 2742 2747 2761 2766 2780 2807 2809 2825 2890 2906 2940 2987 3024 3027 3039 3043 3044 3045 3052 3088 3091 3095 3120 3144 3157 3161 3170 3187 3209 3217 3224 3237 3252 3262 3268 3273 3274 3297 3301 3302 3317 3329 3331 3335 3346 3352 3354 3376 3382 3402 3411 3439 3442 3482 3492 3500 3508 3524 3546 3550 3551 3552 3558 3568 3601 3604 3613 3622 3627 3681 3699 3701 3715 3726 3728 3754 3757 3770 3795 3798 3802 3808 3831 3832 3844 3852 3859 3875 3879 3889 3921 3935 3949 3986 3997 4080 4099 4104 4114 4138 4159 4189 4216 4229 4252 4257 4286 4308 4406 4447 4456 4460 4506 4512 4517 4532 4538 4570 4583 4615 4656 4681 4691 4725 4733 4744 4798 4813 4830 4831 4832 4835 4860 4869 4933 4979 4981 4989 4996;
Charset Partition_18 = 12 33 65 70 80 112 119 124 130 146 156 159 163 190 191 203 209 220 222 228 232 256 273 282 310 315 330 332 342 360 366 375 398 421 425 437 455 468 475 490 499 511 521 551 571 576 582 584 618 623 634 659 676 685 688 697 709 739 740 759 760 777 794 809 820 830 872 878 887 889 891 894 895 896 901 925 939 951 1001 1008 1021 1043 1059 1068 1072 1077 1083 1099 1134 1136 1166 1214 1231 1258 1272 1279 1294 1307 1308 1311 1334 1336 1367 1394 1402 1405 1424 1451 1482 1504 1548 1559 1568 1608 1643 1684 1690 1703 1722 1726 1727 1741 1748 1749 1752 1756 1762 1765 1783 1831 1832 1846 1857 1869 1872 1900 1916 1943 1946 1957 1958 1971 1974 1975 2002 2028 2049 2050 2068 2074 2081 2107 2112 2117 2126 2131 2137 2157 2163 2165 2176 2181 2256 2267 2279 2284 2292 2295 2340 2344 2368 2394 2400 2408 2411 2412 2426 2439 2444 2468 2491 2519 2535 2548 2558 2564 2568 2571 2582 2583 2601 2608 2612 2624 2625 2635 2636 2643 2656 2691 2700 2724 2725 2752 2757 2769 2773 2781 2786 2812 2823 2840 2842 2845 2848 2852 2864 2869 2871 2883 2889 2903 2929 2953 2965 2971 2994 3009 3016 3018 3022 3042 3051 3068 3075 3080 3094 3103 3107 3108 3113 3129 3140 3154 3171 3179 3188 3192 3225 3229 3232 3244 3246 3261 3264 3289 3321 3323 3334 3365 3394 3406 3409 3415 3421 3452 3458 3464 3480 3490 3497 3513 3518 3543 3560 3572 3577 3579 3590 3602 3608 3614 3615 3619 3637 3670 3677 3679 3698 3723 3729 3760 3762 3766 3794 3815 3817 3824 3837 3883 3886 3890 3891 3895 3914 3916 3962 3967 3968 3969 3978 3993 3994 4016 4033 4040 4045 4084 4093 4124 4173 4248 4253 4370 4376 4420 4426 4488 4496 4502 4525 4560 4587 4597 4616 4652 4666 4748 4760 4805 4822 4866 4892 4937 4956 4964 4968 4971;
Charset Partition_19 = 7 17 22 26 30 32 46 53 56 84 98 103 106 136 157 166 169 170 192 199 201 212 221 227 233 242 243 257 277 296 297 316 319 331 379 385 395 403 419 430 452 472 479 485 501 513 516 519 520 522 536 542 547 549 552 558 559 561 580 581 583 587 592 610 617 632 638 645 664 678 681 690 703 713 741 761 771 773 784 798 827 840 849 861 881 888 902 921 932 942 943 944 960 965 968 969 1006 1031 1034 1041 1046 1051 1084 1095 1126 1148 1155 1158 1167 1180 1184 1195 1204 1211 1264 1265 1266 1274 1276 1282 1285 1298 1303 1345 1362 1365 1375 1399 1417 1422 1462 1494 1503 1510 1515 1523 1541 1558 1579 1590 1598 1653 1686 1734 1757 1769 1779 1796 1818 1821 1830 1833 1839 1855 1882 1896 1897 1913 1936 1968 1973 1982 1987 1994 1998 2003 2010 2041 2066 2070 2099 2100 2108 2115 2122 2133 2179 2202 2231 2282 2304 2312 2318 2324 2338 2339 2423 2424 2438 2445 2449 2451 2460 2507 2522 2525 2561 2562 2569 2572 2575 2628 2630 2631 2637 2667 2669 2672 2680 2682 2693 2696 2698 2702 2703 2704 2733 2744 2745 2750 2770 2782 2785 2826 2832 2844 2850 2874 2876 2888 2918 2922 2928 2931 2950 2954 2981 3002 3010 3017 3021 3026 3046 3060 3066 3073 3074 3082 3090 3101 3132 3141 3143 3168 3178 3215 3222 3230 3238 3256 3269 3284 3285 3292 3298 3299 3300 3308 3328 3362 3375 3384 3388 3397 3429 3444 3481 3512 3532 3540 3544 3547 3553 3581 3642 3645 3658 3665 3671 3690 3691 3710 3721 3724 3738 3751 3765 3784 3799 3826 3835 3839 3841 3850 3853 3855 3857 3860 3877 3904 3908 3909 3910 3911 3937 3940 3941 3943 3946 3948 3950 3985 3996 4000 4019 4041 4070 4086 4091 4098 4131 4143 4170 4174 4183 4203 4269 4313 4383 4398 4404 4442 4466 4509 4530 4540 4564 4588 4595 4678 4698 4712 4717 4768 4795 4804 4812 4827 4946 4951 4975;
Charset Partition_20 = 4 5 35 51 61 72 78 92 93 128 141 151 152 165 168 175 180 194 198 202 251 258 260 279 281 286 322 324 340 343 358 369 370 371 386 399 400 404 406 445 453 500 524 540 554 566 569 577 599 625 628 637 643 661 666 671 683 710 711 748 783 797 821 832 841 860 867 874 877 882 883 892 893 899 903 929 933 937 956 1054 1056 1069 1086 1093 1112 1120 1124 1128 1138 1139 1149 1157 1165 1170 1203 1213 1222 1224 1227 1251 1252 1261 1262 1326 1332 1353 1380 1391 1401 1410 1428 1444 1446 1465 1471 1507 1527 1549 1584 1594 1607 1625 1633 1634 1646 1647 1654 1655 1678 1680 1687 1705 1714 1738 1739 1742 1747 1759 1761 1774 1776 1806 1813 1816 1828 1849 1850 1864 1875 1885 1928 1934 1949 1970 1972 1979 1990 2000 2026 2031 2033 2055 2076 2077 2091 2104 2110 2127 2158 2170 2185 2196 2197 2199 2211 2216 2218 2225 2239 2283 2285 2296 2369 2378 2381 2384 2386 2387 2402 2406 2425 2458 2466 2473 2476 2477 2480 2484 2489 2503 2514 2518 2551 2567 2634 2640 2642 2647 2650 2670 2677 2679 2695 2699 2705 2706 2714 2772 2775 2802 2803 2821 2837 2841 2865 2895 2898 2899 2901 2939 2952 2960 2978 2995 3006 3007 3035 3054 3062 3076 3077 3078 3079 3110 3115 3116 3145 3149 3160 3169 3176 3190 3191 3193 3196 3227 3231 3235 3239 3243 3247 3255 3266 3281 3286 3287 3293 3307 3309 3319 3322 3326 3348 3349 3366 3373 3389 3410 3419 3431 3440 3447 3449 3487 3488 3504 3542 3554 3555 3563 3566 3592 3594 3596 3599 3606 3607 3610 3625 3640 3647 3651 3656 3672 3676 3689 3706 3718 3725 3740 3744 3745 3759 3776 3783 3790 3805 3811 3814 3816 3821 3823 3825 3856 3861 3865 3882 3884 3885 3896 3932 3934 3945 3951 4007 4042 4048 4069 4077 4085 4089 4162 4165 4168 4172 4294 4302 4323 4343 4381 4382 4423 4437 4444 4449 4467 4500 4515 4545 4562 4569 4625 4829 4861 4864 4868 4890 4916 4970;
Charset Partition_21 = 3 19 52 63 68 120 142 195 197 204 206 210 215 240 255 259 267 269 278 283 291 312 320 353 356 365 377 392 402 407 423 426 483 493 494 503 504 508 543 564 565 568 588 589 597 598 602 606 608 614 631 635 648 656 673 680 715 719 724 728 795 814 829 842 854 873 884 917 931 940 954 958 992 1004 1009 1011 1015 1024 1032 1042 1047 1090 1121 1129 1130 1154 1162 1171 1172 1177 1182 1188 1191 1193 1198 1202 1209 1225 1228 1232 1234 1245 1269 1273 1281 1322 1325 1331 1340 1346 1358 1360 1371 1376 1384 1407 1425 1456 1467 1476 1485 1531 1532 1537 1540 1556 1561 1562 1580 1587 1591 1619 1621 1622 1630 1639 1694 1699 1704 1710 1724 1754 1770 1785 1792 1797 1807 1820 1852 1870 1877 1880 1888 1889 1890 1906 1927 1944 1961 1962 1991 1996 1999 2001 2014 2015 2027 2044 2059 2064 2078 2088 2092 2098 2135 2142 2153 2184 2187 2200 2210 2213 2214 2226 2240 2243 2249 2266 2269 2301 2307 2326 2332 2346 2383 2403 2420 2422 2442 2469 2470 2487 2515 2521 2529 2531 2557 2563 2581 2585 2594 2597 2602 2653 2658 2671 2676 2697 2701 2712 2719 2722 2779 2787 2799 2801 2816 2818 2822 2824 2833 2834 2836 2847 2853 2854 2856 2862 2912 2930 2933 2956 2962 2964 2972 3034 3038 3049 3055 3056 3059 3096 3104 3117 3125 3130 3135 3139 3150 3151 3153 3159 3167 3182 3211 3214 3218 3233 3241 3242 3248 3251 3258 3314 3324 3325 3327 3338 3343 3357 3359 3391 3399 3414 3430 3433 3445 3467 3471 3473 3477 3479 3484 3486 3495 3502 3503 3509 3515 3517 3523 3527 3561 3569 3575 3584 3621 3660 3680 3688 3693 3696 3705 3707 3712 3730 3742 3758 3779 3797 3804 3836 3842 3843 3869 3872 3881 3888 3902 3939 3973 3995 3998 4010 4012 4053 4067 4075 4135 4139 4211 4230 4242 4285 4342 4380 4394 4450 4462 4482 4547 4577 4610 4617 4619 4641 4655 4695 4701 4708 4719 4730 4764 4820 4846 4879 4880 4882 4900 4904 4912 4917 4929 4952 4958 4967;
Charset Partition_22 = 11 69 87 89 104 116 135 144 148 150 153 154 181 223 235 241 285 334 347 374 389 390 471 477 497 546 609 611 626 640 642 695 712 716 723 727 729 768 769 770 790 835 844 851 863 948 961 963 987 1029 1030 1064 1067 1074 1106 1118 1119 1135 1150 1152 1168 1175 1178 1186 1200 1201 1220 1256 1263 1278 1289 1290 1291 1301 1305 1314 1348 1356 1379 1387 1389 1409 1421 1441 1452 1455 1495 1500 1514 1516 1529 1533 1564 1573 1575 1582 1588 1629 1635 1636 1638 1641 1645 1666 1677 1693 1706 1721 1740 1746 1751 1768 1777 1791 1793 1795 1817 1822 1837 1863 1865 1892 1899 1908 1926 1950 1984 2006 2034 2069 2085 2101 2116 2160 2175 2186 2193 2221 2250 2259 2277 2288 2294 2336 2341 2354 2363 2393 2429 2431 2464 2465 2481 2495 2536 2589 2610 2614 2617 2652 2664 2674 2675 2685 2689 2707 2731 2753 2778 2805 2813 2831 2863 2878 2882 2892 2917 2927 2942 2967 2982 3005 3013 3023 3032 3037 3069 3086 3100 3118 3119 3122 3123 3152 3156 3162 3172 3180 3183 3207 3212 3216 3219 3228 3240 3265 3276 3277 3305 3315 3330 3350 3355 3358 3408 3413 3424 3427 3432 3450 3455 3470 3475 3494 3496 3521 3528 3529 3536 3541 3573 3578 3583 3611 3617 3618 3644 3653 3663 3711 3713 3732 3750 3774 3810 3838 3846 3868 3874 3880 3918 3936 3955 3970 3976 3980 4066 4073 4082 4087 4088 4097 4109 4127 4140 4175 4190 4198 4249 4267 4303 4310 4315 4320 4337 4350 4355 4367 4371 4409 4416 4433 4458 4469 4472 4489 4495 4552 4574 4578 4590 4603 4631 4645 4649 4683 4699 4703 4720 4734 4767 4775 4808 4856 4857 4881 4895 4897 4923 4941 4945 4960 4973 4976 4993;
Charset Partition_23 = 9 15 36 54 91 94 100 127 143 164 172 178 185 200 207 211 236 264 275 288 326 327 333 338 427 434 435 495 505 527 539 548 550 555 556 578 595 607 639 655 675 684 706 718 720 730 731 763 796 803 812 833 864 923 973 981 996 1033 1055 1060 1081 1091 1111 1117 1132 1164 1185 1205 1210 1212 1240 1247 1260 1284 1306 1310 1315 1316 1318 1335 1342 1349 1350 1351 1355 1361 1364 1366 1374 1377 1381 1395 1408 1420 1429 1439 1450 1454 1459 1477 1488 1509 1544 1546 1571 1574 1589 1593 1604 1617 1648 1651 1652 1663 1669 1683 1719 1725 1729 1760 1771 1808 1840 1868 1887 1894 1902 1910 1915 1925 1929 1938 1948 1952 1953 1956 1959 2067 2082 2106 2128 2129 2144 2151 2152 2223 2237 2257 2261 2286 2287 2289 2329 2334 2360 2365 2376 2389 2397 2398 2407 2410 2421 2447 2454 2461 2474 2479 2493 2550 2559 2579 2590 2609 2619 2641 2649 2655 2661 2708 2723 2741 2759 2764 2765 2788 2794 2796 2811 2838 2879 2902 2905 2911 2925 2937 2938 2945 2992 2998 3020 3028 3053 3064 3070 3098 3109 3126 3131 3181 3184 3201 3270 3313 3320 3337 3361 3363 3404 3405 3422 3463 3474 3483 3514 3525 3537 3549 3567 3574 3582 3603 3628 3630 3634 3636 3678 3686 3714 3722 3731 3736 3746 3755 3777 3781 3807 3822 3834 3847 3854 3863 3873 3887 3913 3920 3927 3929 3930 3964 3982 3984 3990 4003 4006 4057 4059 4064 4096 4101 4118 4129 4163 4184 4188 4239 4287 4289 4290 4318 4321 4332 4339 4349 4357 4358 4364 4386 4424 4427 4432 4440 4470 4471 4501 4514 4526 4537 4566 4589 4591 4596 4605 4612 4629 4648 4654 4657 4671 4682 4692 4700 4705 4769 4783 4786 4788 4797 4858 4865 4886 4896 4932 4942 4949 4961 4991;
Charset Partition_24 = 45 47 60 101 122 134 147 182 188 193 213 230 253 301 346 373 405 412 416 431 436 545 553 585 600 629 669 686 693 699 725 733 745 756 779 800 816 838 845 857 866 879 946 953 974 975 977 986 989 998 1000 1025 1040 1044 1058 1066 1070 1073 1082 1105 1143 1147 1248 1277 1320 1337 1341 1426 1433 1440 1468 1486 1487 1566 1567 1577 1611 1620 1656 1673 1679 1681 1689 1691 1708 1731 1737 1763 1786 1805 1815 1835 1884 1907 1924 2008 2017 2032 2036 2047 2056 2062 2159 2171 2173 2227 2244 2245 2251 2260 2265 2268 2272 2273 2290 2331 2335 2348 2359 2379 2382 2457 2499 2511 2523 2537 2596 2632 2644 2711 2732 2739 2743 2754 2758 2849 2893 2897 2934 2941 2949 2984 2993 3004 3058 3085 3092 3111 3112 3166 3173 3185 3202 3204 3210 3245 3254 3339 3356 3360 3390 3396 3420 3438 3454 3499 3520 3526 3595 3605 3609 3616 3623 3631 3684 3703 3747 3828 3845 3894 3907 3975 3988 3989 4018 4027 4054 4092 4137 4147 4180 4201 4206 4223 4245 4247 4251 4260 4288 4330 4331 4334 4362 4379 4397 4407 4429 4436 4445 4468 4494 4504 4521 4561 4580 4604 4628 4634 4658 4669 4707 4732 4736 4740 4745 4771 4785 4801 4810 4816 4819 4843 4863 4875 4877 4907 4908 4925 4936 4953 4972 4985 4986;
Charset Partition_25 = 6 16 59 62 67 145 167 173 208 217 272 350 355 362 387 480 529 532 627 667 674 806 826 846 859 865 868 909 926 997 1003 1097 1125 1127 1144 1179 1181 1221 1238 1246 1283 1295 1329 1344 1347 1357 1368 1396 1416 1437 1445 1461 1493 1552 1555 1572 1626 1640 1642 1664 1672 1675 1709 1713 1718 1744 1750 1773 1775 1804 1827 1848 1918 1920 2024 2029 2205 2229 2342 2343 2372 2385 2415 2419 2430 2433 2450 2462 2533 2552 2553 2570 2592 2633 2665 2740 2760 2771 2859 2873 2884 2900 2904 2907 2948 3015 3133 3205 3208 3316 3380 3425 3453 3459 3461 3468 3476 3485 3538 3556 3557 3564 3571 3635 3648 3769 3787 3813 3833 3862 3878 3963 4023 4024 4043 4046 4058 4106 4111 4134 4164 4191 4200 4210 4232 4243 4272 4296 4314 4353 4359 4408 4441 4454 4465 4499 4549 4633 4646 4653 4696 4706 4713 4716 4722 4723 4738 4749 4752 4763 4784 4802 4825 4839 4845 4848 4850 4873 4874 4935 4954 4963 4990 4994;
Charset Partition_26 = 43 81 107 114 131 138 160 184 231 250 311 337 349 352 361 388 474 488 691 717 732 738 747 782 785 793 799 834 876 919 980 995 1035 1052 1062 1131 1137 1153 1271 1280 1297 1370 1378 1386 1403 1413 1478 1569 1618 1658 1692 1695 1736 1743 1862 1874 1886 1895 1932 1942 1960 1963 1964 1966 1980 2005 2012 2023 2054 2096 2123 2134 2172 2215 2305 2310 2317 2327 2373 2388 2405 2505 2538 2545 2565 2576 2586 2663 2668 2678 2710 2738 2746 2755 2767 2792 2814 2870 2920 2932 2935 2997 3012 3014 3041 3089 3099 3175 3234 3263 3275 3280 3304 3342 3364 3370 3451 3516 3565 3570 3716 3756 3761 3773 3792 3818 3893 3915 4028 4029 4037 4050 4076 4112 4117 4128 4133 4158 4169 4193 4217 4222 4224 4234 4250 4258 4259 4274 4300 4347 4363 4365 4399 4417 4446 4477 4485 4510 4519 4527 4544 4546 4584 4609 4613 4632 4690 4710 4711 4726 4750 4799 4838 4844 4871 4872 4911 4920 4926 4927 4934 4938 4948 4987 4997;
Charset Partition_27 = 2 48 162 238 321 428 464 496 572 619 647 701 792 802 822 885 936 967 1057 1085 1115 1194 1230 1250 1397 1479 1491 1511 1524 1547 1550 1800 1823 1825 1856 1989 2013 2030 2051 2146 2155 2192 2220 2222 2236 2247 2367 2437 2547 2659 2728 2762 2860 2963 2966 2985 3057 3147 3189 3226 3249 3401 3426 3548 3589 3655 3657 3674 3702 3905 3956 4005 4008 4020 4021 4036 4052 4055 4103 4107 4132 4144 4171 4176 4199 4205 4208 4212 4218 4219 4236 4240 4241 4271 4273 4306 4311 4327 4372 4390 4391 4403 4413 4457 4498 4520 4522 4534 4557 4558 4568 4601 4643 4650 4687 4688 4697 4757 4765 4854 4947;
Charset Partition_28 = 132 244 308 376 396 441 462 535 567 636 721 776 808 813 870 911 915 957 984 1012 1038 1255 1296 1319 1321 1327 1328 1354 1480 1496 1535 1539 1616 1798 1937 1969 2087 2143 2154 2161 2180 2188 2204 2362 2494 2510 2539 2580 2654 2662 2694 2768 2820 2959 2980 2999 3194 3290 3369 3383 3709 3871 3900 3954 3966 4044 4049 4065 4130 4167 4195 4196 4209 4270 4275 4279 4312 4326 4335 4340 4360 4396 4480 4505 4536 4593 4594 4598 4622 4636 4642 4659 4665 4667 4679 4685 4724 4731 4737 4754 4759 4778 4814 4847 4852 4910 4944 4999;
Charset Partition_29 = 37 95 105 115 117 121 422 665 694 775 1007 1019 1079 1114 1142 1160 1333 1411 1434 1449 1596 1603 1671 1682 1688 1716 1802 1836 1844 1922 2105 2167 2168 2174 2208 2242 2246 2270 2274 2325 2401 2615 2621 2673 2839 2867 2919 3134 3898 3924 3942 3965 3999 4034 4079 4094 4115 4145 4152 4186 4207 4220 4226 4307 4356 4425 4451 4483 4490 4542 4571 4579 4635 4664 4742 4777 4914 4921 4930 4939 4974 4982;
Charset Partition_30 = 14 29 40 44 49 77 96 97 108 139 176 183 218 246 317 363 415 418 440 447 476 492 498 506 514 538 557 570 654 672 689 735 758 767 772 781 789 804 815 825 828 848 858 869 907 916 934 947 993 1002 1023 1027 1036 1045 1071 1076 1101 1108 1141 1146 1151 1173 1192 1196 1237 1241 1275 1339 1453 1463 1464 1489 1513 1534 1554 1581 1586 1592 1599 1600 1605 1610 1614 1623 1628 1632 1665 1696 1712 1730 1758 1764 1766 1799 1803 1809 1826 1838 1841 1843 1845 1860 1879 1891 1940 1945 1965 1977 1992 1993 1997 2019 2073 2118 2140 2149 2150 2178 2217 2224 2238 2263 2300 2302 2330 2353 2361 2404 2432 2501 2516 2520 2526 2532 2549 2554 2620 2666 2681 2684 2789 2793 2827 2835 2881 2896 2916 2969 2976 3036 3040 3067 3105 3186 3236 3267 3312 3336 3353 3381 3392 3393 3403 3435 3448 3469 3489 3580 3600 3675 3720 3733 3771 3782 3788 3864 3906 3953 4002 4004 4011 4013 4014 4025 4030 4031 4032 4035 4038 4039 4047 4060 4061 4062 4071 4072 4074 4078 4083 4095 4102 4105 4108 4110 4113 4116 4119 4136 4141 4142 4148 4150 4153 4154 4156 4157 4166 4177 4179 4182 4185 4187 4192 4194 4197 4202 4204 4213 4214 4215 4221 4227 4228 4231 4233 4237 4244 4246 4254 4256 4262 4263 4265 4266 4276 4280 4281 4283 4284 4291 4292 4295 4298 4299 4304 4305 4309 4322 4324 4325 4328 4333 4336 4341 4344 4345 4346 4348 4351 4354 4361 4366 4373 4375 4377 4378 4385 4392 4393 4400 4401 4402 4410 4411 4412 4418 4421 4422 4428 4431 4434 4443 4448 4452 4453 4455 4463 4464 4474 4476 4478 4484 4487 4491 4492 4493 4497 4503 4513 4516 4518 4523 4528 4529 4531 4535 4539 4543 4548 4554 4555 4556 4559 4567 4572 4573 4576 4586 4592 4611 4614 4618 4620 4623 4626 4627 4637 4651 4662 4663 4668 4670 4673 4674 4676 4677 4680 4684 4689 4694 4702 4704 4715 4718 4721 4727 4728 4729 4739 4743 4746 4747 4753 4761 4762 4770 4772 4776 4780 4781 4782 4787 4789 4790 4791 4793 4794 4796 4811 4815 4817 4818 4826 4833 4834 4836 4840 4841 4842 4849 4853 4855 4859 4870 4878 4883 4887 4891 4894 4898 4899 4902 4903 4905 4909 4913 4915 4918 4924 4928 4940 4943 4950 4955 4957 4959 4962 4965 4966 4969 4978 4980 4983 4995 4998 5000;
partition Partitions = 30: Partition_1, Partition_2, Partition_3, Partition_4, Partition_5, Partition_6, Partition_7, Partition_8, Partition_9, Partition_10, Partition_11, Partition_12, Partition_13, Partition_14, Partition_15, Partition_16, Partition_17, Partition_18, Partition_19, Partition_20, Partition_21, Partition_22, Partition_23, Partition_24, Partition_25, Partition_26, Partition_27, Partition_28, Partition_29, Partition_30;
set partition = Partitions;


PHYLIP  style
DNA, Partition_1 = 438, 1013, 2508, 4821
DNA, Partition_2 = 74, 239, 762, 1400
DNA, Partition_3 = 537, 983, 1005, 1014, 2627, 2721, 2974, 4661, 4888
DNA, Partition_4 = 42, 662, 663, 855, 994, 1324, 1707, 1784, 2083, 2313, 2885, 3668, 3840, 4238, 4430, 4481, 4988
DNA, Partition_5 = 41, 449, 482, 824, 1560, 1697, 1947, 1978, 2235, 2692, 3206, 3979, 4931
DNA, Partition_6 = 336, 450, 470, 590, 805, 1474, 1543, 1753, 1939, 1955, 2169, 2370, 2428, 2716, 2968, 3146, 3460, 3820, 4261, 4277, 4301, 4582
DNA, Partition_7 = 293, 325, 460, 523, 950, 1110, 1169, 1373, 1383, 1473, 1538, 1615, 1624, 1788, 1917, 2111, 2232, 2278, 2727, 2730, 2763, 2944, 2996, 3127, 3493, 3683, 3780, 3809, 4063, 4090, 4599
DNA, Partition_8 = 10, 21, 76, 82, 216, 225, 594, 646, 649, 702, 774, 897, 1050, 1457, 1483, 1512, 1530, 1553, 1811, 1893, 1921, 2022, 2079, 2345, 2498, 2502, 2527, 2534, 2540, 2717, 2726, 2795, 2894, 2926, 3253, 3291, 3306, 3491, 3922, 4639, 4672, 4876, 4893
DNA, Partition_9 = 31, 55, 83, 187, 290, 306, 443, 601, 650, 905, 913, 1330, 1363, 1398, 1406, 1700, 1787, 1986, 2102, 2271, 2275, 2293, 2392, 2427, 2452, 2496, 2524, 2639, 2645, 2687, 2735, 2804, 3025, 3072, 3114, 3417, 3588, 3666, 3858, 3866, 3876, 4122, 4297, 4384, 4507, 4524, 4563
DNA, Partition_10 = 50, 57, 265, 299, 348, 481, 487, 491, 530, 560, 613, 670, 744, 750, 1078, 1123, 1239, 1254, 1583, 1657, 1661, 1701, 1711, 1735, 1847, 1871, 1873, 1930, 2058, 2233, 2291, 2320, 2396, 2737, 2790, 2800, 2806, 2830, 2861, 2958, 2986, 3011, 3030, 3148, 3221, 3223, 3296, 3310, 3332, 3372, 3386, 3395, 3400, 3436, 3457, 3465, 3472, 3498, 3522, 3539, 3632, 3685, 3768, 3812, 3899, 3961, 4178, 4268, 4368, 4389, 4438, 4511, 4541, 4606, 4824, 4862, 4901, 4906
DNA, Partition_11 = 28, 110, 133, 314, 397, 401, 411, 461, 466, 591, 707, 708, 788, 900, 955, 970, 972, 1017, 1102, 1161, 1176, 1197, 1206, 1216, 1288, 1372, 1385, 1419, 1481, 1505, 1526, 1570, 1606, 1612, 1659, 1794, 1853, 1941, 2021, 2045, 2148, 2156, 2195, 2309, 2323, 2364, 2478, 2555, 2729, 2751, 2866, 2915, 2947, 3003, 3029, 3081, 3163, 3371, 3377, 3407, 3446, 3506, 3612, 3662, 3669, 3727, 3748, 3933, 3972, 4015, 4056, 4121, 4125, 4338, 4486, 4600, 4714, 4884, 4889
DNA, Partition_12 = 58, 79, 113, 149, 158, 179, 237, 248, 252, 303, 318, 357, 459, 510, 596, 616, 660, 677, 698, 700, 704, 737, 743, 765, 801, 819, 856, 875, 898, 930, 1190, 1223, 1257, 1287, 1302, 1469, 1470, 1498, 1576, 1578, 1627, 1676, 1723, 1732, 1767, 1778, 1814, 1901, 1914, 1954, 1976, 1981, 2004, 2048, 2052, 2061, 2177, 2241, 2253, 2258, 2314, 2322, 2395, 2446, 2467, 2490, 2492, 2573, 2603, 2606, 2622, 2623, 2646, 2715, 2748, 2936, 3001, 3048, 3063, 3084, 3198, 3303, 3333, 3351, 3456, 3531, 3654, 3673, 3734, 3819, 3892, 3901, 3926, 4120, 4151, 4181, 4235, 4264, 4459, 4533, 4621, 4630, 4644, 4756, 4823, 4922
DNA, Partition_13 = 8, 18, 20, 38, 137, 189, 226, 247, 270, 287, 289, 292, 298, 354, 364, 378, 380, 420, 433, 444, 457, 509, 544, 563, 620, 621, 622, 624, 652, 696, 705, 714, 754, 778, 836, 890, 927, 1020, 1028, 1053, 1100, 1107, 1116, 1145, 1156, 1183, 1217, 1243, 1249, 1293, 1382, 1393, 1404, 1418, 1423, 1435, 1475, 1563, 1565, 1613, 1660, 1674, 1717, 1801, 1824, 1834, 1866, 1878, 1904, 1905, 1931, 1933, 1983, 2007, 2011, 2042, 2046, 2093, 2109, 2132, 2138, 2182, 2183, 2190, 2230, 2280, 2321, 2349, 2377, 2418, 2455, 2459, 2471, 2472, 2513, 2544, 2546, 2618, 2626, 2783, 2784, 2851, 2857, 2858, 2868, 2880, 2891, 2924, 2955, 2975, 2977, 2983, 2988, 3093, 3097, 3102, 3106, 3165, 3199, 3213, 3282, 3311, 3345, 3379, 3423, 3434, 3441, 3443, 3510, 3511, 3519, 3587, 3708, 3775, 3793, 3800, 3827, 3830, 3923, 3928, 3944, 3959, 3974, 4051, 4146, 4160, 4352, 4405, 4550, 4602, 4607, 4638, 4766, 4977
DNA, Partition_14 = 24, 73, 99, 102, 118, 125, 126, 140, 161, 196, 229, 254, 305, 328, 339, 367, 382, 391, 394, 456, 467, 473, 512, 528, 562, 586, 593, 604, 605, 682, 736, 753, 847, 906, 908, 922, 945, 971, 976, 988, 991, 1018, 1022, 1075, 1094, 1163, 1207, 1218, 1233, 1236, 1242, 1259, 1270, 1286, 1292, 1309, 1313, 1369, 1388, 1392, 1414, 1430, 1431, 1432, 1438, 1448, 1460, 1484, 1492, 1497, 1525, 1528, 1545, 1597, 1602, 1668, 1685, 1698, 1745, 1781, 1810, 1851, 1861, 1881, 1883, 1909, 1911, 1951, 1967, 2020, 2025, 2037, 2053, 2095, 2113, 2130, 2219, 2262, 2328, 2350, 2351, 2355, 2371, 2413, 2441, 2456, 2486, 2542, 2560, 2566, 2599, 2605, 2629, 2648, 2651, 2660, 2718, 2777, 2791, 2797, 2829, 2843, 2846, 2872, 2875, 2910, 2914, 2923, 2946, 2957, 2973, 2989, 3047, 3071, 3195, 3259, 3278, 3295, 3318, 3367, 3374, 3462, 3478, 3530, 3545, 3559, 3562, 3586, 3638, 3639, 3643, 3659, 3664, 3667, 3697, 3717, 3719, 3737, 3739, 3741, 3749, 3764, 3772, 3786, 3789, 3791, 3829, 3851, 3912, 3931, 3957, 4081, 4100, 4317, 4374, 4473, 4575, 4624, 4640, 4647, 4675, 4709, 4800, 4806, 4851, 4867, 4885
DNA, Partition_15 = 13, 23, 66, 86, 109, 123, 129, 155, 219, 234, 249, 262, 266, 268, 274, 284, 300, 307, 313, 344, 351, 383, 384, 409, 417, 429, 446, 451, 463, 478, 526, 603, 651, 722, 726, 734, 742, 751, 764, 780, 786, 807, 811, 831, 837, 920, 928, 935, 941, 962, 985, 990, 999, 1048, 1065, 1080, 1087, 1088, 1103, 1109, 1208, 1215, 1219, 1226, 1300, 1317, 1390, 1412, 1415, 1436, 1443, 1458, 1501, 1517, 1518, 1520, 1585, 1637, 1720, 1728, 1733, 1755, 1782, 1876, 1898, 1923, 1935, 1985, 2009, 2018, 2035, 2038, 2040, 2065, 2072, 2075, 2094, 2097, 2114, 2119, 2125, 2136, 2139, 2141, 2147, 2162, 2164, 2191, 2203, 2207, 2212, 2228, 2254, 2264, 2315, 2319, 2333, 2337, 2358, 2366, 2375, 2390, 2417, 2434, 2483, 2497, 2517, 2556, 2577, 2611, 2690, 2709, 2736, 2798, 2808, 2810, 2828, 2877, 2886, 2887, 2908, 2909, 2951, 2961, 2970, 3033, 3050, 3065, 3121, 3128, 3136, 3137, 3142, 3174, 3200, 3203, 3250, 3257, 3260, 3271, 3272, 3283, 3288, 3344, 3368, 3398, 3416, 3418, 3437, 3505, 3534, 3576, 3591, 3593, 3597, 3620, 3626, 3652, 3682, 3687, 3694, 3695, 3700, 3704, 3735, 3752, 3763, 3767, 3806, 3849, 3870, 3897, 3917, 3947, 3958, 3960, 3971, 3981, 3983, 3987, 3992, 4026, 4068, 4126, 4161, 4225, 4278, 4293, 4316, 4414, 4435, 4439, 4461, 4475, 4565, 4585, 4660, 4741, 4758, 4779, 4803, 4837, 4919
DNA, Partition_16 = 1, 34, 39, 64, 71, 75, 85, 88, 90, 111, 171, 174, 186, 245, 261, 263, 280, 345, 381, 408, 410, 414, 439, 442, 454, 458, 465, 484, 502, 515, 517, 525, 541, 612, 615, 633, 653, 692, 752, 766, 810, 817, 818, 843, 852, 853, 880, 904, 918, 949, 952, 966, 978, 979, 982, 1010, 1026, 1089, 1092, 1098, 1113, 1122, 1235, 1244, 1267, 1312, 1338, 1343, 1352, 1359, 1442, 1447, 1472, 1499, 1502, 1506, 1521, 1522, 1536, 1542, 1595, 1601, 1631, 1644, 1649, 1650, 1667, 1670, 1772, 1790, 1812, 1842, 1854, 1858, 1867, 1919, 1995, 2039, 2057, 2060, 2080, 2084, 2089, 2103, 2120, 2145, 2194, 2209, 2234, 2297, 2298, 2303, 2306, 2308, 2347, 2352, 2357, 2414, 2463, 2482, 2504, 2506, 2512, 2528, 2530, 2541, 2543, 2588, 2591, 2593, 2595, 2616, 2686, 2688, 2720, 2749, 2756, 2774, 2776, 2815, 2817, 2819, 2855, 2913, 2921, 2943, 2979, 2990, 2991, 3000, 3008, 3019, 3031, 3061, 3083, 3087, 3124, 3138, 3155, 3158, 3164, 3177, 3197, 3220, 3279, 3294, 3340, 3341, 3347, 3378, 3385, 3387, 3412, 3428, 3466, 3501, 3507, 3533, 3535, 3585, 3598, 3624, 3629, 3633, 3641, 3646, 3649, 3650, 3661, 3692, 3743, 3753, 3778, 3785, 3796, 3801, 3803, 3848, 3867, 3903, 3919, 3925, 3938, 3952, 3977, 3991, 4001, 4009, 4017, 4022, 4123, 4149, 4155, 4255, 4282, 4319, 4329, 4369, 4387, 4388, 4395, 4415, 4419, 4479, 4508, 4551, 4553, 4581, 4608, 4686, 4693, 4735, 4751, 4755, 4773, 4774, 4792, 4807, 4809, 4828, 4984, 4992
DNA, Partition_17 = 25, 27, 177, 205, 214, 224, 271, 276, 294, 295, 302, 304, 309, 323, 329, 335, 341, 359, 368, 372, 393, 413, 424, 432, 448, 469, 486, 489, 507, 518, 531, 533, 534, 573, 574, 575, 579, 630, 641, 644, 657, 658, 668, 679, 687, 746, 749, 755, 757, 787, 791, 823, 839, 850, 862, 871, 886, 910, 912, 914, 924, 938, 959, 964, 1016, 1037, 1039, 1049, 1061, 1063, 1096, 1104, 1133, 1140, 1159, 1174, 1187, 1189, 1199, 1229, 1253, 1268, 1299, 1304, 1323, 1427, 1466, 1490, 1508, 1519, 1551, 1557, 1609, 1662, 1702, 1715, 1780, 1789, 1819, 1829, 1859, 1903, 1912, 1988, 2016, 2043, 2063, 2071, 2086, 2090, 2121, 2124, 2166, 2189, 2198, 2201, 2206, 2248, 2252, 2255, 2276, 2281, 2299, 2311, 2316, 2356, 2374, 2380, 2391, 2399, 2409, 2416, 2435, 2436, 2440, 2443, 2448, 2453, 2475, 2485, 2488, 2500, 2509, 2574, 2578, 2584, 2587, 2598, 2600, 2604, 2607, 2613, 2638, 2657, 2683, 2713, 2734, 2742, 2747, 2761, 2766, 2780, 2807, 2809, 2825, 2890, 2906, 2940, 2987, 3024, 3027, 3039, 3043, 3044, 3045, 3052, 3088, 3091, 3095, 3120, 3144, 3157, 3161, 3170, 3187, 3209, 3217, 3224, 3237, 3252, 3262, 3268, 3273, 3274, 3297, 3301, 3302, 3317, 3329, 3331, 3335, 3346, 3352, 3354, 3376, 3382, 3402, 3411, 3439, 3442, 3482, 3492, 3500, 3508, 3524, 3546, 3550, 3551, 3552, 3558, 3568, 3601, 3604, 3613, 3622, 3627, 3681, 3699, 3701, 3715, 3726, 3728, 3754, 3757, 3770, 3795, 3798, 3802, 3808, 3831, 3832, 3844, 3852, 3859, 3875, 3879, 3889, 3921, 3935, 3949, 3986, 3997, 4080, 4099, 4104, 4114, 4138, 4159, 4189, 4216, 4229, 4252, 4257, 4286, 4308, 4406, 4447, 4456, 4460, 4506, 4512, 4517, 4532, 4538, 4570, 4583, 4615, 4656, 4681, 4691, 4725, 4733, 4744, 4798, 4813, 4830, 4831, 4832, 4835, 4860, 4869, 4933, 4979, 4981, 4989, 4996
DNA, Partition_18 = 12, 33, 65, 70, 80, 112, 119, 124, 130, 146, 156, 159, 163, 190, 191, 203, 209, 220, 222, 228, 232, 256, 273, 282, 310, 315, 330, 332, 342, 360, 366, 375, 398, 421, 425, 437, 455, 468, 475, 490, 499, 511, 521, 551, 571, 576, 582, 584, 618, 623, 634, 659, 676, 685, 688, 697, 709, 739, 740, 759, 760, 777, 794, 809, 820, 830, 872, 878, 887, 889, 891, 894, 895, 896, 901, 925, 939, 951, 1001, 1008, 1021, 1043, 1059, 1068, 1072, 1077, 1083, 1099, 1134, 1136, 1166, 1214, 1231, 1258, 1272, 1279, 1294, 1307, 1308, 1311, 1334, 1336, 1367, 1394, 1402, 1405, 1424, 1451, 1482, 1504, 1548, 1559, 1568, 1608, 1643, 1684, 1690, 1703, 1722, 1726, 1727, 1741, 1748, 1749, 1752, 1756, 1762, 1765, 1783, 1831, 1832, 1846, 1857, 1869, 1872, 1900, 1916, 1943, 1946, 1957, 1958, 1971, 1974, 1975, 2002, 2028, 2049, 2050, 2068, 2074, 2081, 2107, 2112, 2117, 2126, 2131, 2137, 2157, 2163, 2165, 2176, 2181, 2256, 2267, 2279, 2284, 2292, 2295, 2340, 2344, 2368, 2394, 2400, 2408, 2411, 2412, 2426, 2439, 2444, 2468, 2491, 2519, 2535, 2548, 2558, 2564, 2568, 2571, 2582, 2583, 2601, 2608, 2612, 2624, 2625, 2635, 2636, 2643, 2656, 2691, 2700, 2724, 2725, 2752, 2757, 2769, 2773, 2781, 2786, 2812, 2823, 2840, 2842, 2845, 2848, 2852, 2864, 2869, 2871, 2883, 2889, 2903, 2929, 2953, 2965, 2971, 2994, 3009, 3016, 3018, 3022, 3042, 3051, 3068, 3075, 3080, 3094, 3103, 3107, 3108, 3113, 3129, 3140, 3154, 3171, 3179, 3188, 3192, 3225, 3229, 3232, 3244, 3246, 3261, 3264, 3289, 3321, 3323, 3334, 3365, 3394, 3406, 3409, 3415, 3421, 3452, 3458, 3464, 3480, 3490, 3497, 3513, 3518, 3543, 3560, 3572, 3577, 3579, 3590, 3602, 3608, 3614, 3615, 3619, 3637, 3670, 3677, 3679, 3698, 3723, 3729, 3760, 3762, 3766, 3794, 3815, 3817, 3824, 3837, 3883, 3886, 3890, 3891, 3895, 3914, 3916, 3962, 3967, 3968, 3969, 3978, 3993, 3994, 4016, 4033, 4040, 4045, 4084, 4093, 4124, 4173, 4248, 4253, 4370, 4376, 4420, 4426, 4488, 4496, 4502, 4525, 4560, 4587, 4597, 4616, 4652, 4666, 4748, 4760, 4805, 4822, 4866, 4892, 4937, 4956, 4964, 4968, 4971
DNA, Partition_19 = 7, 17, 22, 26, 30, 32, 46, 53, 56, 84, 98, 103, 106, 136, 157, 166, 169, 170, 192, 199, 201, 212, 221, 227, 233, 242, 243, 257, 277, 296, 297, 316, 319, 331, 379, 385, 395, 403, 419, 430, 452, 472, 479, 485, 501, 513, 516, 519, 520, 522, 536, 542, 547, 549, 552, 558, 559, 561, 580, 581, 583, 587, 592, 610, 617, 632, 638, 645, 664, 678, 681, 690, 703, 713, 741, 761, 771, 773, 784, 798, 827, 840, 849, 861, 881, 888, 902, 921, 932, 942, 943, 944, 960, 965, 968, 969, 1006, 1031, 1034, 1041, 1046, 1051, 1084, 1095, 1126, 1148, 1155, 1158, 1167, 1180, 1184, 1195, 1204, 1211, 1264, 1265, 1266, 1274, 1276, 1282, 1285, 1298, 1303, 1345, 1362, 1365, 1375, 1399, 1417, 1422, 1462, 1494, 1503, 1510, 1515, 1523, 1541, 1558, 1579, 1590, 1598, 1653, 1686, 1734, 1757, 1769, 1779, 1796, 1818, 1821, 1830, 1833, 1839, 1855, 1882, 1896, 1897, 1913, 1936, 1968, 1973, 1982, 1987, 1994, 1998, 2003, 2010, 2041, 2066, 2070, 2099, 2100, 2108, 2115, 2122, 2133, 2179, 2202, 2231, 2282, 2304, 2312, 2318, 2324, 2338, 2339, 2423, 2424, 2438, 2445, 2449, 2451, 2460, 2507, 2522, 2525, 2561, 2562, 2569, 2572, 2575, 2628, 2630, 2631, 2637, 2667, 2669, 2672, 2680, 2682, 2693, 2696, 2698, 2702, 2703, 2704, 2733, 2744, 2745, 2750, 2770, 2782, 2785, 2826, 2832, 2844, 2850, 2874, 2876, 2888, 2918, 2922, 2928, 2931, 2950, 2954, 2981, 3002, 3010, 3017, 3021, 3026, 3046, 3060, 3066, 3073, 3074, 3082, 3090, 3101, 3132, 3141, 3143, 3168, 3178, 3215, 3222, 3230, 3238, 3256, 3269, 3284, 3285, 3292, 3298, 3299, 3300, 3308, 3328, 3362, 3375, 3384, 3388, 3397, 3429, 3444, 3481, 3512, 3532, 3540, 3544, 3547, 3553, 3581, 3642, 3645, 3658, 3665, 3671, 3690, 3691, 3710, 3721, 3724, 3738, 3751, 3765, 3784, 3799, 3826, 3835, 3839, 3841, 3850, 3853, 3855, 3857, 3860, 3877, 3904, 3908, 3909, 3910, 3911, 3937, 3940, 3941, 3943, 3946, 3948, 3950, 3985, 3996, 4000, 4019, 4041, 4070, 4086, 4091, 4098, 4131, 4143, 4170, 4174, 4183, 4203, 4269, 4313, 4383, 4398, 4404, 4442, 4466, 4509, 4530, 4540, 4564, 4588, 4595, 4678, 4698, 4712, 4717, 4768, 4795, 4804, 4812, 4827, 4946, 4951, 4975
DNA, Partition_20 = 4, 5, 35, 51, 61, 72, 78, 92, 93, 128, 141, 151, 152, 165, 168, 175, 180, 194, 198, 202, 251, 258, 260, 279, 281, 286, 322, 324, 340, 343, 358, 369, 370, 371, 386, 399, 400, 404, 406, 445, 453, 500, 524, 540, 554, 566, 569, 577, 599, 625, 628, 637, 643, 661, 666, 671, 683, 710, 711, 748, 783, 797, 821, 832, 841, 860, 867, 874, 877, 882, 883, 892, 893, 899, 903, 929, 933, 937, 956, 1054, 1056, 1069, 1086, 1093, 1112, 1120, 1124, 1128, 1138, 1139, 1149, 1157, 1165, 1170, 1203, 1213, 1222, 1224, 1227, 1251, 1252, 1261, 1262, 1326, 1332, 1353, 1380, 1391, 1401, 1410, 1428, 1444, 1446, 1465, 1471, 1507, 1527, 1549, 1584, 1594, 1607, 1625, 1633, 1634, 1646, 1647, 1654, 1655, 1678, 1680, 1687, 1705, 1714, 1738, 1739, 1742, 1747, 1759, 1761, 1774, 1776, 1806, 1813, 1816, 1828, 1849, 1850, 1864, 1875, 1885, 1928, 1934, 1949, 1970, 1972, 1979, 1990, 2000, 2026, 2031, 2033, 2055, 2076, 2077, 2091, 2104, 2110, 2127, 2158, 2170, 2185, 2196, 2197, 2199, 2211, 2216, 2218, 2225, 2239, 2283, 2285, 2296, 2369, 2378, 2381, 2384, 2386, 2387, 2402, 2406, 2425, 2458, 2466, 2473, 2476, 2477, 2480, 2484, 2489, 2503, 2514, 2518, 2551, 2567, 2634, 2640, 2642, 2647, 2650, 2670, 2677, 2679, 2695, 2699, 2705, 2706, 2714, 2772, 2775, 2802, 2803, 2821, 2837, 2841, 2865, 2895, 2898, 2899, 2901, 2939, 2952, 2960, 2978, 2995, 3006, 3007, 3035, 3054, 3062, 3076, 3077, 3078, 3079, 3110, 3115, 3116, 3145, 3149, 3160, 3169, 3176, 3190, 3191, 3193, 3196, 3227, 3231, 3235, 3239, 3243, 3247, 3255, 3266, 3281, 3286, 3287, 3293, 3307, 3309, 3319, 3322, 3326, 3348, 3349, 3366, 3373, 3389, 3410, 3419, 3431, 3440, 3447, 3449, 3487, 3488, 3504, 3542, 3554, 3555, 3563, 3566, 3592, 3594, 3596, 3599, 3606, 3607, 3610, 3625, 3640, 3647, 3651, 3656, 3672, 3676, 3689, 3706, 3718, 3725, 3740, 3744, 3745, 3759, 3776, 3783, 3790, 3805, 3811, 3814, 3816, 3821, 3823, 3825, 3856, 3861, 3865, 3882, 3884, 3885, 3896, 3932, 3934, 3945, 3951, 4007, 4042, 4048, 4069, 4077, 4085, 4089, 4162, 4165, 4168, 4172, 4294, 4302, 4323, 4343, 4381, 4382, 4423, 4437, 4444, 4449, 4467, 4500, 4515, 4545, 4562, 4569, 4625, 4829, 4861, 4864, 4868, 4890, 4916, 4970
DNA, Partition_21 = 3, 19, 52, 63, 68, 120, 142, 195, 197, 204, 206, 210, 215, 240, 255, 259, 267, 269, 278, 283, 291, 312, 320, 353, 356, 365, 377, 392, 402, 407, 423, 426, 483, 493, 494, 503, 504, 508, 543, 564, 565, 568, 588, 589, 597, 598, 602, 606, 608, 614, 631, 635, 648, 656, 673, 680, 715, 719, 724, 728, 795, 814, 829, 842, 854, 873, 884, 917, 931, 940, 954, 958, 992, 1004, 1009, 1011, 1015, 1024, 1032, 1042, 1047, 1090, 1121, 1129, 1130, 1154, 1162, 1171, 1172, 1177, 1182, 1188, 1191, 1193, 1198, 1202, 1209, 1225, 1228, 1232, 1234, 1245, 1269, 1273, 1281, 1322, 1325, 1331, 1340, 1346, 1358, 1360, 1371, 1376, 1384, 1407, 1425, 1456, 1467, 1476, 1485, 1531, 1532, 1537, 1540, 1556, 1561, 1562, 1580, 1587, 1591, 1619, 1621, 1622, 1630, 1639, 1694, 1699, 1704, 1710, 1724, 1754, 1770, 1785, 1792, 1797, 1807, 1820, 1852, 1870, 1877, 1880, 1888, 1889, 1890, 1906, 1927, 1944, 1961, 1962, 1991, 1996, 1999, 2001, 2014, 2015, 2027, 2044, 2059, 2064, 2078, 2088, 2092, 2098, 2135, 2142, 2153, 2184, 2187, 2200, 2210, 2213, 2214, 2226, 2240, 2243, 2249, 2266, 2269, 2301, 2307, 2326, 2332, 2346, 2383, 2403, 2420, 2422, 2442, 2469, 2470, 2487, 2515, 2521, 2529, 2531, 2557, 2563, 2581, 2585, 2594, 2597, 2602, 2653, 2658, 2671, 2676, 2697, 2701, 2712, 2719, 2722, 2779, 2787, 2799, 2801, 2816, 2818, 2822, 2824, 2833, 2834, 2836, 2847, 2853, 2854, 2856, 2862, 2912, 2930, 2933, 2956, 2962, 2964, 2972, 3034, 3038, 3049, 3055, 3056, 3059, 3096, 3104, 3117, 3125, 3130, 3135, 3139, 3150, 3151, 3153, 3159, 3167, 3182, 3211, 3214, 3218, 3233, 3241, 3242, 3248, 3251, 3258, 3314, 3324, 3325, 3327, 3338, 3343, 3357, 3359, 3391, 3399, 3414, 3430, 3433, 3445, 3467, 3471, 3473, 3477, 3479, 3484, 3486, 3495, 3502, 3503, 3509, 3515, 3517, 3523, 3527, 3561, 3569, 3575, 3584, 3621, 3660, 3680, 3688, 3693, 3696, 3705, 3707, 3712, 3730, 3742, 3758, 3779, 3797, 3804, 3836, 3842, 3843, 3869, 3872, 3881, 3888, 3902, 3939, 3973, 3995, 3998, 4010, 4012, 4053, 4067, 4075, 4135, 4139, 4211, 4230, 4242, 4285, 4342, 4380, 4394, 4450, 4462, 4482, 4547, 4577, 4610, 4617, 4619, 4641, 4655, 4695, 4701, 4708, 4719, 4730, 4764, 4820, 4846, 4879, 4880, 4882, 4900, 4904, 4912, 4917, 4929, 4952, 4958, 4967
DNA, Partition_22 = 11, 69, 87, 89, 104, 116, 135, 144, 148, 150, 153, 154, 181, 223, 235, 241, 285, 334, 347, 374, 389, 390, 471, 477, 497, 546, 609, 611, 626, 640, 642, 695, 712, 716, 723, 727, 729, 768, 769, 770, 790, 835, 844, 851, 863, 948, 961, 963, 987, 1029, 1030, 1064, 1067, 1074, 1106, 1118, 1119, 1135, 1150, 1152, 1168, 1175, 1178, 1186, 1200, 1201, 1220, 1256, 1263, 1278, 1289, 1290, 1291, 1301, 1305, 1314, 1348, 1356, 1379, 1387, 1389, 1409, 1421, 1441, 1452, 1455, 1495, 1500, 1514, 1516, 1529, 1533, 1564, 1573, 1575, 1582, 1588, 1629, 1635, 1636, 1638, 1641, 1645, 1666, 1677, 1693, 1706, 1721, 1740, 1746, 1751, 1768, 1777, 1791, 1793, 1795, 1817, 1822, 1837, 1863, 1865, 1892, 1899, 1908, 1926, 1950, 1984, 2006, 2034, 2069, 2085, 2101, 2116, 2160, 2175, 2186, 2193, 2221, 2250, 2259, 2277, 2288, 2294, 2336, 2341, 2354, 2363, 2393, 2429, 2431, 2464, 2465, 2481, 2495, 2536, 2589, 2610, 2614, 2617, 2652, 2664, 2674, 2675, 2685, 2689, 2707, 2731, 2753, 2778, 2805, 2813, 2831, 2863, 2878, 2882, 2892, 2917, 2927, 2942, 2967, 2982, 3005, 3013, 3023, 3032, 3037, 3069, 3086, 3100, 3118, 3119, 3122, 3123, 3152, 3156, 3162, 3172, 3180, 3183, 3207, 3212, 3216, 3219, 3228, 3240, 3265, 3276, 3277, 3305, 3315, 3330, 3350, 3355, 3358, 3408, 3413, 3424, 3427, 3432, 3450, 3455, 3470, 3475, 3494, 3496, 3521, 3528, 3529, 3536, 3541, 3573, 3578, 3583, 3611, 3617, 3618, 3644, 3653, 3663, 3711, 3713, 3732, 3750, 3774, 3810, 3838, 3846, 3868, 3874, 3880, 3918, 3936, 3955, 3970, 3976, 3980, 4066, 4073, 4082, 4087, 4088, 4097, 4109, 4127, 4140, 4175, 4190, 4198, 4249, 4267, 4303, 4310, 4315, 4320, 4337, 4350, 4355, 4367, 4371, 4409, 4416, 4433, 4458, 4469, 4472, 4489, 4495, 4552, 4574, 4578, 4590, 4603, 4631, 4645, 4649, 4683, 4699, 4703, 4720, 4734, 4767, 4775, 4808, 4856, 4857, 4881, 4895, 4897, 4923, 4941, 4945, 4960, 4973, 4976, 4993
DNA, Partition_23 = 9, 15, 36, 54, 91, 94, 100, 127, 143, 164, 172, 178, 185, 200, 207, 211, 236, 264, 275, 288, 326, 327, 333, 338, 427, 434, 435, 495, 505, 527, 539, 548, 550, 555, 556, 578, 595, 607, 639, 655, 675, 684, 706, 718, 720, 730, 731, 763, 796, 803, 812, 833, 864, 923, 973, 981, 996, 1033, 1055, 1060, 1081, 1091, 1111, 1117, 1132, 1164, 1185, 1205, 1210, 1212, 1240, 1247, 1260, 1284, 1306, 1310, 1315, 1316, 1318, 1335, 1342, 1349, 1350, 1351, 1355, 1361, 1364, 1366, 1374, 1377, 1381, 1395, 1408, 1420, 1429, 1439, 1450, 1454, 1459, 1477, 1488, 1509, 1544, 1546, 1571, 1574, 1589, 1593, 1604, 1617, 1648, 1651, 1652, 1663, 1669, 1683, 1719, 1725, 1729, 1760, 1771, 1808, 1840, 1868, 1887, 1894, 1902, 1910, 1915, 1925, 1929, 1938, 1948, 1952, 1953, 1956, 1959, 2067, 2082, 2106, 2128, 2129, 2144, 2151, 2152, 2223, 2237, 2257, 2261, 2286, 2287, 2289, 2329, 2334, 2360, 2365, 2376, 2389, 2397, 2398, 2407, 2410, 2421, 2447, 2454, 2461, 2474, 2479, 2493, 2550, 2559, 2579, 2590, 2609, 2619, 2641, 2649, 2655, 2661, 2708, 2723, 2741, 2759, 2764, 2765, 2788, 2794, 2796, 2811, 2838, 2879, 2902, 2905, 2911, 2925, 2937, 2938, 2945, 2992, 2998, 3020, 3028, 3053, 3064, 3070, 3098, 3109, 3126, 3131, 3181, 3184, 3201, 3270, 3313, 3320, 3337, 3361, 3363, 3404, 3405, 3422, 3463, 3474, 3483, 3514, 3525, 3537, 3549, 3567, 3574, 3582, 3603, 3628, 3630, 3634, 3636, 3678, 3686, 3714, 3722, 3731, 3736, 3746, 3755, 3777, 3781, 3807, 3822, 3834, 3847, 3854, 3863, 3873, 3887, 3913, 3920, 3927, 3929, 3930, 3964, 3982, 3984, 3990, 4003, 4006, 4057, 4059, 4064, 4096, 4101, 4118, 4129, 4163, 4184, 4188, 4239, 4287, 4289, 4290, 4318, 4321, 4332, 4339, 4349, 4357, 4358, 4364, 4386, 4424, 4427, 4432, 4440, 4470, 4471, 4501, 4514, 4526, 4537, 4566, 4589, 4591, 4596, 4605, 4612, 4629, 4648, 4654, 4657, 4671, 4682, 4692, 4700, 4705, 4769, 4783, 4786, 4788, 4797, 4858, 4865, 4886, 4896, 4932, 4942, 4949, 4961, 4991
DNA, Partition_24 = 45, 47, 60, 101, 122, 134, 147, 182, 188, 193, 213, 230, 253, 301, 346, 373, 405, 412, 416, 431, 436, 545, 553, 585, 600, 629, 669, 686, 693, 699, 725, 733, 745, 756, 779, 800, 816, 838, 845, 857, 866, 879, 946, 953, 974, 975, 977, 986, 989, 998, 1000, 1025, 1040, 1044, 1058, 1066, 1070, 1073, 1082, 1105, 1143, 1147, 1248, 1277, 1320, 1337, 1341, 1426, 1433, 1440, 1468, 1486, 1487, 1566, 1567, 1577, 1611, 1620, 1656, 1673, 1679, 1681, 1689, 1691, 1708, 1731, 1737, 1763, 1786, 1805, 1815, 1835, 1884, 1907, 1924, 2008, 2017, 2032, 2036, 2047, 2056, 2062, 2159, 2171, 2173, 2227, 2244, 2245, 2251, 2260, 2265, 2268, 2272, 2273, 2290, 2331, 2335, 2348, 2359, 2379, 2382, 2457, 2499, 2511, 2523, 2537, 2596, 2632, 2644, 2711, 2732, 2739, 2743, 2754, 2758, 2849, 2893, 2897, 2934, 2941, 2949, 2984, 2993, 3004, 3058, 3085, 3092, 3111, 3112, 3166, 3173, 3185, 3202, 3204, 3210, 3245, 3254, 3339, 3356, 3360, 3390, 3396, 3420, 3438, 3454, 3499, 3520, 3526, 3595, 3605, 3609, 3616, 3623, 3631, 3684, 3703, 3747, 3828, 3845, 3894, 3907, 3975, 3988, 3989, 4018, 4027, 4054, 4092, 4137, 4147, 4180, 4201, 4206, 4223, 4245, 4247, 4251, 4260, 4288, 4330, 4331, 4334, 4362, 4379, 4397, 4407, 4429, 4436, 4445, 4468, 4494, 4504, 4521, 4561, 4580, 4604, 4628, 4634, 4658, 4669, 4707, 4732, 4736, 4740, 4745, 4771, 4785, 4801, 4810, 4816, 4819, 4843, 4863, 4875, 4877, 4907, 4908, 4925, 4936, 4953, 4972, 4985, 4986
DNA, Partition_25 = 6, 16, 59, 62, 67, 145, 167, 173, 208, 217, 272, 350, 355, 362, 387, 480, 529, 532, 627, 667, 674, 806, 826, 846, 859, 865, 868, 909, 926, 997, 1003, 1097, 1125, 1127, 1144, 1179, 1181, 1221, 1238, 1246, 1283, 1295, 1329, 1344, 1347, 1357, 1368, 1396, 1416, 1437, 1445, 1461, 1493, 1552, 1555, 1572, 1626, 1640, 1642, 1664, 1672, 1675, 1709, 1713, 1718, 1744, 1750, 1773, 1775, 1804, 1827, 1848, 1918, 1920, 2024, 2029, 2205, 2229, 2342, 2343, 2372, 2385, 2415, 2419, 2430, 2433, 2450, 2462, 2533, 2552, 2553, 2570, 2592, 2633, 2665, 2740, 2760, 2771, 2859, 2873, 2884, 2900, 2904, 2907, 2948, 3015, 3133, 3205, 3208, 3316, 3380, 3425, 3453, 3459, 3461, 3468, 3476, 3485, 3538, 3556, 3557, 3564, 3571, 3635, 3648, 3769, 3787, 3813, 3833, 3862, 3878, 3963, 4023, 4024, 4043, 4046, 4058, 4106, 4111, 4134, 4164, 4191, 4200, 4210, 4232, 4243, 4272, 4296, 4314, 4353, 4359, 4408, 4441, 4454, 4465, 4499, 4549, 4633, 4646, 4653, 4696, 4706, 4713, 4716, 4722, 4723, 4738, 4749, 4752, 4763, 4784, 4802, 4825, 4839, 4845, 4848, 4850, 4873, 4874, 4935, 4954, 4963, 4990, 4994
DNA, Partition_26 = 43, 81, 107, 114, 131, 138, 160, 184, 231, 250, 311, 337, 349, 352, 361, 388, 474, 488, 691, 717, 732, 738, 747, 782, 785, 793, 799, 834, 876, 919, 980, 995, 1035, 1052, 1062, 1131, 1137, 1153, 1271, 1280, 1297, 1370, 1378, 1386, 1403, 1413, 1478, 1569, 1618, 1658, 1692, 1695, 1736, 1743, 1862, 1874, 1886, 1895, 1932, 1942, 1960, 1963, 1964, 1966, 1980, 2005, 2012, 2023, 2054, 2096, 2123, 2134, 2172, 2215, 2305, 2310, 2317, 2327, 2373, 2388, 2405, 2505, 2538, 2545, 2565, 2576, 2586, 2663, 2668, 2678, 2710, 2738, 2746, 2755, 2767, 2792, 2814, 2870, 2920, 2932, 2935, 2997, 3012, 3014, 3041, 3089, 3099, 3175, 3234, 3263, 3275, 3280, 3304, 3342, 3364, 3370, 3451, 3516, 3565, 3570, 3716, 3756, 3761, 3773, 3792, 3818, 3893, 3915, 4028, 4029, 4037, 4050, 4076, 4112, 4117, 4128, 4133, 4158, 4169, 4193, 4217, 4222, 4224, 4234, 4250, 4258, 4259, 4274, 4300, 4347, 4363, 4365, 4399, 4417, 4446, 4477, 4485, 4510, 4519, 4527, 4544, 4546, 4584, 4609, 4613, 4632, 4690, 4710, 4711, 4726, 4750, 4799, 4838, 4844, 4871, 4872, 4911, 4920, 4926, 4927, 4934, 4938, 4948, 4987, 4997
DNA, Partition_27 = 2, 48, 162, 238, 321, 428, 464, 496, 572, 619, 647, 701, 792, 802, 822, 885, 936, 967, 1057, 1085, 1115, 1194, 1230, 1250, 1397, 1479, 1491, 1511, 1524, 1547, 1550, 1800, 1823, 1825, 1856, 1989, 2013, 2030, 2051, 2146, 2155, 2192, 2220, 2222, 2236, 2247, 2367, 2437, 2547, 2659, 2728, 2762, 2860, 2963, 2966, 2985, 3057, 3147, 3189, 3226, 3249, 3401, 3426, 3548, 3589, 3655, 3657, 3674, 3702, 3905, 3956, 4005, 4008, 4020, 4021, 4036, 4052, 4055, 4103, 4107, 4132, 4144, 4171, 4176, 4199, 4205, 4208, 4212, 4218, 4219, 4236, 4240, 4241, 4271, 4273, 4306, 4311, 4327, 4372, 4390, 4391, 4403, 4413, 4457, 4498, 4520, 4522, 4534, 4557, 4558, 4568, 4601, 4643, 4650, 4687, 4688, 4697, 4757, 4765, 4854, 4947
DNA, Partition_28 = 132, 244, 308, 376, 396, 441, 462, 535, 567, 636, 721, 776, 808, 813, 870, 911, 915, 957, 984, 1012, 1038, 1255, 1296, 1319, 1321, 1327, 1328, 1354, 1480, 1496, 1535, 1539, 1616, 1798, 1937, 1969, 2087, 2143, 2154, 2161, 2180, 2188, 2204, 2362, 2494, 2510, 2539, 2580, 2654, 2662, 2694, 2768, 2820, 2959, 2980, 2999, 3194, 3290, 3369, 3383, 3709, 3871, 3900, 3954, 3966, 4044, 4049, 4065, 4130, 4167, 4195, 4196, 4209, 4270, 4275, 4279, 4312, 4326, 4335, 4340, 4360, 4396, 4480, 4505, 4536, 4593, 4594, 4598, 4622, 4636, 4642, 4659, 4665, 4667, 4679, 4685, 4724, 4731, 4737, 4754, 4759, 4778, 4814, 4847, 4852, 4910, 4944, 4999
DNA, Partition_29 = 37, 95, 105, 115, 117, 121, 422, 665, 694, 775, 1007, 1019, 1079, 1114, 1142, 1160, 1333, 1411, 1434, 1449, 1596, 1603, 1671, 1682, 1688, 1716, 1802, 1836, 1844, 1922, 2105, 2167, 2168, 2174, 2208, 2242, 2246, 2270, 2274, 2325, 2401, 2615, 2621, 2673, 2839, 2867, 2919, 3134, 3898, 3924, 3942, 3965, 3999, 4034, 4079, 4094, 4115, 4145, 4152, 4186, 4207, 4220, 4226, 4307, 4356, 4425, 4451, 4483, 4490, 4542, 4571, 4579, 4635, 4664, 4742, 4777, 4914, 4921, 4930, 4939, 4974, 4982
DNA, Partition_30 = 14, 29, 40, 44, 49, 77, 96, 97, 108, 139, 176, 183, 218, 246, 317, 363, 415, 418, 440, 447, 476, 492, 498, 506, 514, 538, 557, 570, 654, 672, 689, 735, 758, 767, 772, 781, 789, 804, 815, 825, 828, 848, 858, 869, 907, 916, 934, 947, 993, 1002, 1023, 1027, 1036, 1045, 1071, 1076, 1101, 1108, 1141, 1146, 1151, 1173, 1192, 1196, 1237, 1241, 1275, 1339, 1453, 1463, 1464, 1489, 1513, 1534, 1554, 1581, 1586, 1592, 1599, 1600, 1605, 1610, 1614, 1623, 1628, 1632, 1665, 1696, 1712, 1730, 1758, 1764, 1766, 1799, 1803, 1809, 1826, 1838, 1841, 1843, 1845, 1860, 1879, 1891, 1940, 1945, 1965, 1977, 1992, 1993, 1997, 2019, 2073, 2118, 2140, 2149, 2150, 2178, 2217, 2224, 2238, 2263, 2300, 2302, 2330, 2353, 2361, 2404, 2432, 2501, 2516, 2520, 2526, 2532, 2549, 2554, 2620, 2666, 2681, 2684, 2789, 2793, 2827, 2835, 2881, 2896, 2916, 2969, 2976, 3036, 3040, 3067, 3105, 3186, 3236, 3267, 3312, 3336, 3353, 3381, 3392, 3393, 3403, 3435, 3448, 3469, 3489, 3580, 3600, 3675, 3720, 3733, 3771, 3782, 3788, 3864, 3906, 3953, 4002, 4004, 4011, 4013, 4014, 4025, 4030, 4031, 4032, 4035, 4038, 4039, 4047, 4060, 4061, 4062, 4071, 4072, 4074, 4078, 4083, 4095, 4102, 4105, 4108, 4110, 4113, 4116, 4119, 4136, 4141, 4142, 4148, 4150, 4153, 4154, 4156, 4157, 4166, 4177, 4179, 4182, 4185, 4187, 4192, 4194, 4197, 4202, 4204, 4213, 4214, 4215, 4221, 4227, 4228, 4231, 4233, 4237, 4244, 4246, 4254, 4256, 4262, 4263, 4265, 4266, 4276, 4280, 4281, 4283, 4284, 4291, 4292, 4295, 4298, 4299, 4304, 4305, 4309, 4322, 4324, 4325, 4328, 4333, 4336, 4341, 4344, 4345, 4346, 4348, 4351, 4354, 4361, 4366, 4373, 4375, 4377, 4378, 4385, 4392, 4393, 4400, 4401, 4402, 4410, 4411, 4412, 4418, 4421, 4422, 4428, 4431, 4434, 4443, 4448, 4452, 4453, 4455, 4463, 4464, 4474, 4476, 4478, 4484, 4487, 4491, 4492, 4493, 4497, 4503, 4513, 4516, 4518, 4523, 4528, 4529, 4531, 4535, 4539, 4543, 4548, 4554, 4555, 4556, 4559, 4567, 4572, 4573, 4576, 4586, 4592, 4611, 4614, 4618, 4620, 4623, 4626, 4627, 4637, 4651, 4662, 4663, 4668, 4670, 4673, 4674, 4676, 4677, 4680, 4684, 4689, 4694, 4702, 4704, 4715, 4718, 4721, 4727, 4728, 4729, 4739, 4743, 4746, 4747, 4753, 4761, 4762, 4770, 4772, 4776, 4780, 4781, 4782, 4787, 4789, 4790, 4791, 4793, 4794, 4796, 4811, 4815, 4817, 4818, 4826, 4833, 4834, 4836, 4840, 4841, 4842, 4849, 4853, 4855, 4859, 4870, 4878, 4883, 4887, 4891, 4894, 4898, 4899, 4902, 4903, 4905, 4909, 4913, 4915, 4918, 4924, 4928, 4940, 4943, 4950, 4955, 4957, 4959, 4962, 4965, 4966, 4969, 4978, 4980, 4983, 4995, 4998, 5000