Partition output from ratepartitions.py
--Written by Tobias Malm (20121130)

For rate file: 8.rates with 5000 sites!

Manually set dividing factor: 4.0
Partitions calculated according to:
	1st partition: highest rate - ((highest rate - minimum_rate)/(4.0)),
	the remaining as lower boundary rate= upper boundary rate -((upper boundary rate - minimum rate)/(4.0+Partitionnumber*0.3)).
	Last partition created when less than 10% of total characters are left (=500.0 characters).

Rate spread of entire data set (Highest (slowest, 1=invariant) to lowest (fastest) ): Highest: 0.425701807028, lowest: 0.0697972927919, spread: 0.355904514236
Partition_1(5 sites):	Rate-span: 0.425702-0.336726

Partition_2(12 sites):	Rate-span: 0.336726-0.278698

Partition_3(13 sites):	Rate-span: 0.278698-0.236065

Partition_4(8 sites):	Rate-span: 0.236065-0.20409

Partition_5(24 sites):	Rate-span: 0.20409-0.179674

Partition_6(32 sites):	Rate-span: 0.179674-0.160729

Partition_7(30 sites):	Rate-span: 0.160729-0.145822

Partition_8(54 sites):	Rate-span: 0.145822-0.133944

Partition_9(67 sites):	Rate-span: 0.133944-0.124369

Partition_10(106 sites):	Rate-span: 0.124369-0.116573

Partition_11(101 sites):	Rate-span: 0.116573-0.110166

Partition_12(165 sites):	Rate-span: 0.110166-0.104854

Partition_13(239 sites):	Rate-span: 0.104854-0.100417

Partition_14(285 sites):	Rate-span: 0.100417-0.096682

Partition_15(304 sites):	Rate-span: 0.096682-0.09352

Partition_16(300 sites):	Rate-span: 0.09352-0.090824

Partition_17(325 sites):	Rate-span: 0.090824-0.088513

Partition_18(331 sites):	Rate-span: 0.088513-0.086522

Partition_19(323 sites):	Rate-span: 0.086522-0.084798

Partition_20(275 sites):	Rate-span: 0.084798-0.083298

Partition_21(210 sites):	Rate-span: 0.083298-0.081987

Partition_22(260 sites):	Rate-span: 0.081987-0.080837

Partition_23(185 sites):	Rate-span: 0.080837-0.079824

Partition_24(180 sites):	Rate-span: 0.079824-0.078929

Partition_25(191 sites):	Rate-span: 0.078929-0.078135

Partition_26(162 sites):	Rate-span: 0.078135-0.077428

Partition_27(131 sites):	Rate-span: 0.077428-0.076798

Partition_28(103 sites):	Rate-span: 0.076798-0.076233

Partition_29(113 sites):	Rate-span: 0.076233-0.075726

Partition_30(466 sites):	Rate-span: 0.075726-0.069797



MrBayes style
begin mrbayes;
Charset Partition_1 = 95 605 2843 4524 4626;
Charset Partition_2 = 169 717 1982 2418 2953 3117 3902 4166 4259 4290 4679 4810;
Charset Partition_3 = 35 334 649 952 1657 2305 2738 4119 4194 4303 4393 4445 4623;
Charset Partition_4 = 122 1215 1706 2012 2077 2984 3492 4652;
Charset Partition_5 = 448 523 713 735 769 927 1519 1602 2086 2137 2445 2943 3118 3160 3335 3370 3984 4036 4038 4136 4317 4538 4575 4918;
Charset Partition_6 = 5 158 282 352 692 755 1154 1702 1719 2355 2404 2497 2499 2501 2545 2547 2728 2817 2850 3025 3475 3580 3605 3845 4075 4094 4123 4170 4439 4508 4515 4576;
Charset Partition_7 = 57 277 419 489 829 865 1259 1276 1814 1830 2028 2045 2809 2992 3068 3514 3721 4002 4033 4060 4079 4105 4257 4310 4331 4422 4571 4766 4848 4881;
Charset Partition_8 = 101 117 146 216 302 364 396 457 577 580 632 643 682 913 977 984 993 1476 1665 2141 2220 2243 2297 2322 2424 2444 2451 2562 2572 2643 2703 2840 2857 2895 3095 3099 3372 3377 3609 3777 3833 3936 4035 4053 4122 4282 4308 4380 4545 4738 4877 4891 4911 4914;
Charset Partition_9 = 18 55 83 87 119 174 176 293 294 308 454 503 542 636 652 780 839 845 965 985 1251 1507 1521 1620 1630 1962 1973 2017 2400 2475 2633 2695 2717 2867 2893 3067 3138 3249 3353 3369 3679 3686 3896 3963 4151 4189 4213 4267 4371 4378 4460 4464 4470 4504 4578 4639 4641 4675 4683 4696 4705 4761 4820 4849 4861 4870 4892;
Charset Partition_10 = 11 13 44 81 152 204 219 257 275 358 370 384 392 496 504 544 581 650 674 678 689 701 702 731 793 814 897 959 974 988 1035 1127 1180 1206 1255 1610 1708 1797 1908 1945 2011 2056 2068 2100 2204 2283 2288 2311 2363 2455 2491 2534 2537 2568 2605 2660 2709 2795 2854 2864 2878 2881 2904 2906 2923 2944 2975 2996 3060 3093 3269 3346 3483 3568 3575 3601 3689 3829 3886 3894 3955 4000 4054 4108 4133 4154 4221 4242 4291 4319 4339 4355 4363 4454 4540 4573 4610 4673 4695 4731 4747 4793 4834 4858 4886 4955;
Charset Partition_11 = 3 24 36 37 40 54 71 115 125 283 297 301 322 369 381 408 427 432 497 506 511 515 521 533 744 792 809 818 831 855 910 926 945 951 968 1040 1121 1257 1286 1474 1482 1544 1636 1800 1815 1827 1879 1893 2003 2083 2123 2139 2177 2361 2384 2429 2458 2477 2614 2620 2629 2683 2753 2784 2839 2909 3031 3404 3604 3606 3608 3647 3682 3813 3901 3945 4034 4050 4069 4118 4184 4209 4219 4224 4299 4314 4456 4474 4556 4560 4605 4665 4686 4689 4711 4883 4903 4920 4926 4932 4938;
Charset Partition_12 = 29 63 73 79 93 104 111 116 167 188 191 201 205 226 238 243 256 313 319 324 340 349 350 372 400 429 459 466 483 493 502 513 546 597 614 644 669 693 712 721 723 725 729 742 758 761 767 785 799 812 822 823 849 871 873 878 884 911 912 953 978 1041 1050 1222 1270 1284 1298 1335 1359 1386 1403 1459 1550 1590 1611 1651 1674 1783 1784 1831 2006 2027 2059 2060 2152 2171 2256 2267 2310 2328 2341 2393 2441 2520 2536 2554 2564 2573 2589 2602 2603 2647 2679 2763 2771 2800 2813 2822 2899 2917 2947 3007 3223 3432 3509 3542 3739 3772 3788 3792 3864 3925 4018 4021 4029 4031 4037 4064 4098 4101 4103 4107 4178 4187 4197 4201 4226 4228 4244 4258 4277 4318 4377 4379 4388 4395 4418 4423 4530 4543 4549 4565 4620 4667 4668 4699 4708 4757 4798 4841 4857 4893 4937 4979 4995;
Charset Partition_13 = 2 4 23 42 45 52 53 64 67 70 89 96 99 105 107 112 143 168 213 221 223 225 237 248 250 295 296 307 312 336 344 357 363 378 379 386 395 398 414 422 426 440 474 476 485 514 531 570 586 611 613 615 616 641 647 659 679 699 707 728 730 746 752 764 766 770 775 781 789 790 798 833 834 876 879 901 929 939 942 967 971 972 981 983 999 1038 1045 1068 1170 1200 1274 1331 1360 1383 1385 1503 1547 1560 1579 1605 1619 1654 1676 1781 1806 1840 1946 1972 1975 2014 2016 2021 2029 2043 2054 2055 2058 2073 2107 2120 2132 2210 2229 2237 2251 2259 2289 2301 2333 2368 2377 2387 2402 2411 2457 2462 2470 2522 2524 2546 2571 2581 2586 2635 2653 2663 2672 2701 2707 2714 2866 2868 2905 2945 2955 2971 2982 3035 3046 3103 3237 3243 3265 3333 3418 3463 3472 3571 3745 3827 3880 3885 3898 3927 3948 3959 4032 4044 4047 4056 4066 4072 4076 4083 4111 4113 4115 4120 4127 4128 4135 4147 4150 4159 4161 4188 4207 4253 4265 4286 4321 4333 4338 4348 4354 4382 4414 4436 4469 4482 4487 4499 4537 4570 4591 4599 4607 4611 4615 4697 4727 4728 4730 4744 4749 4762 4777 4779 4783 4789 4803 4898 4900 4925 4942 4943 4959 4981 4994;
Charset Partition_14 = 14 19 20 27 30 58 86 118 153 157 159 173 179 181 182 187 189 193 199 200 206 215 229 240 242 246 247 251 261 262 268 271 278 289 292 299 305 328 353 355 362 365 366 393 407 412 417 418 452 460 464 465 471 475 481 491 500 507 509 520 524 528 540 550 566 571 574 589 592 593 606 619 633 645 661 662 673 688 698 700 718 749 753 777 782 786 791 811 813 819 821 850 853 859 860 863 866 883 899 905 915 918 925 933 940 954 955 964 992 995 1006 1010 1048 1049 1062 1098 1124 1132 1152 1193 1313 1314 1427 1439 1539 1542 1557 1587 1599 1623 1625 1666 1672 1695 1710 1730 1753 1790 1798 1829 1863 1890 2039 2041 2044 2066 2072 2078 2084 2121 2122 2142 2160 2162 2170 2191 2192 2209 2227 2238 2241 2291 2307 2312 2325 2327 2332 2369 2374 2390 2415 2425 2453 2510 2512 2517 2535 2544 2549 2585 2592 2639 2652 2654 2671 2692 2722 2724 2754 2762 2785 2790 2791 2793 2816 2824 2826 2832 2855 2871 2892 2901 2911 2924 2936 2941 2952 2957 2961 2965 2974 2999 3022 3058 3115 3139 3179 3204 3318 3320 3334 3339 3444 3502 3598 3659 3678 3709 3714 3718 3806 3808 3840 3920 3983 4057 4074 4092 4167 4218 4225 4248 4249 4262 4278 4307 4320 4336 4345 4389 4421 4429 4431 4443 4492 4498 4509 4522 4527 4559 4649 4656 4661 4710 4724 4752 4756 4782 4788 4802 4805 4823 4837 4843 4850 4864 4867 4885 4912 4936 4945 4954 4964 4968 4999;
Charset Partition_15 = 21 22 25 32 39 43 59 62 91 113 114 126 134 150 186 194 195 208 222 227 230 236 241 244 249 267 315 317 321 323 326 329 341 347 351 361 371 387 402 424 431 435 438 456 463 470 482 490 501 505 516 537 549 552 555 556 567 569 583 584 585 588 590 607 612 617 622 625 630 642 646 658 660 667 671 677 680 690 705 711 714 715 720 724 727 732 734 750 751 756 762 807 808 816 841 851 854 858 861 882 885 889 900 902 916 930 946 960 962 969 980 986 987 994 1021 1054 1066 1156 1241 1256 1307 1315 1343 1351 1371 1374 1401 1443 1450 1506 1561 1562 1594 1608 1613 1629 1642 1660 1685 1705 1739 1747 1752 1764 1769 1777 1825 1866 1932 1978 2007 2009 2026 2042 2057 2097 2109 2115 2119 2185 2188 2199 2206 2222 2239 2242 2277 2356 2386 2399 2406 2427 2435 2464 2466 2467 2474 2494 2496 2527 2541 2615 2622 2628 2637 2640 2665 2681 2684 2685 2699 2715 2726 2749 2787 2801 2831 2846 2847 2874 2883 2887 2921 2962 2972 2983 3001 3008 3072 3134 3150 3261 3283 3373 3379 3397 3429 3478 3503 3544 3566 3578 3607 3712 3737 3750 3763 3844 3848 3918 3928 3929 3988 3990 4027 4042 4051 4062 4063 4067 4087 4137 4148 4165 4222 4223 4233 4236 4238 4240 4246 4268 4269 4292 4337 4342 4347 4351 4358 4362 4372 4383 4396 4403 4406 4428 4432 4442 4448 4466 4493 4503 4510 4519 4526 4529 4588 4606 4627 4645 4647 4655 4687 4700 4735 4736 4755 4767 4792 4799 4807 4808 4815 4816 4817 4827 4847 4866 4923 4946 4948 4963 4967 4997;
Charset Partition_16 = 1 9 10 26 28 31 47 48 51 66 84 88 97 102 121 127 129 142 145 148 166 175 185 212 218 233 239 253 260 269 270 276 279 281 304 311 314 320 332 356 368 377 389 399 405 416 425 439 441 449 450 451 472 473 512 519 525 527 535 551 553 554 557 596 599 600 621 623 624 629 635 640 663 664 668 676 684 687 695 697 706 708 719 736 738 772 783 801 817 830 842 844 847 848 862 870 874 877 881 888 894 895 934 938 950 956 963 996 1023 1028 1061 1104 1116 1137 1145 1157 1164 1204 1211 1258 1267 1381 1402 1445 1456 1461 1462 1471 1499 1536 1541 1565 1609 1617 1673 1717 1763 1857 1878 1897 1979 1998 2004 2020 2037 2046 2052 2071 2096 2099 2111 2114 2116 2127 2172 2179 2180 2186 2226 2240 2249 2261 2262 2266 2274 2275 2313 2323 2326 2339 2343 2347 2389 2403 2416 2456 2481 2488 2506 2511 2529 2532 2559 2561 2567 2570 2582 2618 2619 2634 2638 2649 2662 2666 2670 2687 2727 2751 2766 2780 2827 2848 2877 2913 2914 2915 2959 2988 2990 3000 3023 3028 3130 3169 3185 3244 3268 3272 3275 3277 3308 3329 3387 3394 3490 3590 3740 3825 3869 3871 3996 4005 4019 4025 4084 4097 4182 4199 4206 4229 4237 4239 4261 4273 4280 4288 4316 4340 4353 4366 4367 4390 4391 4398 4402 4408 4417 4488 4489 4495 4500 4506 4536 4548 4552 4555 4581 4586 4596 4600 4614 4619 4621 4625 4642 4651 4658 4666 4704 4737 4743 4765 4772 4773 4784 4797 4822 4840 4846 4853 4871 4876 4880 4897 4902 4906 4951 4982 4987 4991;
Charset Partition_17 = 12 16 33 49 61 100 109 123 124 137 139 141 147 171 178 192 203 214 220 231 245 254 272 274 287 291 298 303 338 343 348 359 360 383 388 391 394 404 411 415 421 430 433 434 436 437 442 443 445 458 467 480 484 517 529 530 532 543 548 558 561 562 564 568 575 594 603 608 610 626 627 628 634 638 639 683 694 703 704 716 737 747 748 754 768 778 779 795 802 805 824 825 826 832 835 843 864 867 872 887 890 892 893 903 909 922 928 931 932 935 941 944 961 973 1002 1019 1047 1064 1134 1163 1179 1207 1218 1225 1233 1262 1363 1373 1413 1430 1434 1582 1622 1658 1669 1684 1794 1824 1894 2002 2010 2018 2030 2063 2065 2067 2085 2089 2117 2118 2130 2156 2163 2174 2200 2219 2225 2233 2258 2280 2315 2317 2345 2349 2364 2381 2422 2423 2432 2437 2440 2452 2473 2505 2508 2526 2531 2563 2566 2579 2600 2624 2625 2627 2631 2651 2668 2677 2689 2691 2720 2721 2723 2730 2742 2750 2759 2767 2799 2802 2804 2808 2820 2823 2849 2865 2888 2889 2891 2894 2898 2902 2910 2929 2930 2932 2976 2978 2985 2989 2995 2997 3033 3049 3052 3059 3083 3110 3126 3132 3156 3170 3238 3239 3252 3376 3430 3445 3469 3480 3547 3572 3588 3621 3636 3655 3716 3720 3746 3773 3779 3807 3817 3818 3875 3887 3967 3975 4014 4016 4030 4043 4065 4073 4104 4131 4144 4152 4160 4163 4164 4195 4215 4232 4298 4301 4325 4327 4357 4386 4387 4412 4435 4440 4447 4461 4479 4501 4513 4514 4533 4572 4579 4584 4589 4592 4609 4616 4632 4635 4637 4659 4662 4677 4680 4690 4693 4717 4718 4770 4771 4776 4795 4800 4804 4842 4878 4887 4895 4916 4927 4933 4949 4957 4958;
Charset Partition_18 = 6 8 41 50 56 60 69 74 76 77 94 103 110 133 135 151 154 155 156 160 170 198 202 209 210 211 228 232 263 264 265 266 280 288 310 330 335 373 374 382 390 406 420 428 447 453 455 462 468 469 477 478 479 492 494 495 508 510 518 538 539 545 572 579 582 595 604 631 648 651 653 656 672 675 686 726 739 741 759 760 763 765 773 797 806 815 820 838 846 856 869 875 880 904 917 947 975 1007 1037 1074 1080 1106 1120 1126 1136 1196 1221 1230 1253 1260 1305 1349 1362 1468 1470 1479 1484 1537 1586 1601 1633 1735 1742 1791 1819 1906 1918 1971 1980 1991 2015 2023 2031 2036 2040 2048 2103 2105 2113 2126 2155 2167 2169 2248 2268 2271 2273 2278 2295 2300 2306 2314 2318 2320 2321 2329 2336 2352 2359 2367 2371 2382 2383 2385 2388 2398 2414 2434 2439 2443 2449 2478 2486 2503 2509 2525 2542 2556 2595 2597 2607 2612 2626 2636 2646 2656 2712 2718 2725 2733 2734 2745 2746 2747 2755 2765 2781 2789 2797 2807 2812 2835 2836 2837 2853 2859 2869 2873 2882 2900 2908 2926 2954 2963 2977 3017 3056 3094 3106 3142 3146 3166 3174 3196 3276 3287 3313 3321 3364 3382 3423 3499 3535 3562 3564 3610 3665 3674 3736 3755 3774 3794 3868 3874 3910 3965 4003 4011 4020 4040 4078 4081 4089 4091 4095 4099 4130 4132 4138 4155 4177 4191 4198 4200 4214 4216 4227 4230 4281 4283 4293 4294 4309 4323 4334 4343 4346 4370 4375 4384 4397 4407 4411 4420 4433 4438 4459 4465 4490 4520 4547 4590 4602 4622 4633 4654 4669 4688 4692 4709 4720 4739 4750 4758 4764 4785 4796 4813 4818 4862 4865 4868 4869 4884 4890 4907 4913 4941 4953 4962 4971 4972 4973 4974 4975 4985 4986 4989 4992 4998 5000;
Charset Partition_19 = 7 15 17 46 65 80 92 128 130 132 144 161 163 164 172 180 183 190 197 235 252 273 284 306 309 318 327 339 345 367 376 385 397 401 410 423 444 446 461 488 498 499 526 534 536 541 547 559 565 587 601 609 637 685 696 710 740 743 745 757 788 803 810 836 837 840 852 857 868 886 891 898 906 907 914 920 923 924 936 949 957 958 966 989 997 1000 1032 1090 1092 1110 1129 1214 1216 1238 1246 1288 1321 1324 1330 1347 1469 1486 1494 1524 1546 1563 1572 1588 1591 1595 1615 1644 1726 1732 1795 1836 1850 1928 1964 1965 1976 2001 2008 2013 2022 2049 2062 2069 2070 2076 2081 2104 2135 2143 2158 2165 2173 2176 2181 2183 2194 2196 2201 2208 2228 2230 2245 2250 2255 2270 2287 2292 2293 2296 2319 2340 2342 2344 2346 2353 2358 2360 2373 2375 2376 2379 2392 2436 2448 2459 2463 2465 2469 2471 2482 2485 2490 2519 2560 2565 2576 2577 2583 2588 2598 2601 2611 2613 2667 2669 2694 2708 2735 2739 2744 2748 2752 2757 2758 2768 2770 2773 2774 2777 2778 2783 2786 2798 2815 2856 2875 2884 2946 2951 2956 2966 2969 2970 2991 2993 3076 3141 3173 3247 3250 3251 3301 3410 3434 3531 3549 3570 3595 3629 3635 3642 3648 3651 3681 3696 3729 3758 3766 3838 3855 3866 3899 3919 3940 3974 4001 4004 4009 4012 4013 4024 4070 4106 4117 4139 4149 4180 4192 4203 4234 4247 4251 4254 4264 4284 4295 4302 4328 4341 4369 4373 4400 4404 4427 4444 4446 4452 4471 4475 4507 4531 4534 4544 4562 4564 4582 4585 4594 4624 4640 4643 4646 4663 4664 4670 4691 4698 4707 4716 4722 4733 4734 4748 4774 4775 4781 4801 4826 4830 4872 4874 4928 4929 4935 4952 4956 4966 4977;
Charset Partition_20 = 82 85 90 120 140 165 207 234 259 285 286 290 300 316 342 354 487 522 576 578 602 665 681 691 733 784 794 796 800 827 919 943 976 979 991 998 1012 1030 1039 1058 1113 1171 1184 1201 1209 1231 1269 1273 1377 1388 1555 1571 1696 1780 1810 1832 1855 1862 1880 1899 1911 1930 1950 1952 2032 2033 2035 2047 2050 2053 2075 2093 2112 2128 2131 2134 2136 2140 2145 2147 2178 2184 2197 2203 2212 2215 2216 2217 2224 2234 2246 2281 2303 2308 2334 2335 2354 2370 2397 2405 2408 2413 2421 2430 2433 2447 2454 2461 2472 2484 2489 2498 2502 2507 2521 2523 2533 2543 2555 2569 2575 2578 2584 2591 2593 2610 2621 2623 2641 2673 2675 2676 2678 2688 2697 2705 2732 2779 2796 2811 2825 2828 2830 2852 2861 2863 2890 2903 2907 2912 2919 2920 2925 2933 2934 2938 2940 2981 3015 3064 3096 3147 3231 3281 3300 3401 3416 3458 3462 3470 3530 3591 3613 3623 3638 3644 3649 3667 3676 3684 3687 3692 3747 3811 3814 3865 3906 3932 3938 3968 3980 4007 4015 4017 4045 4048 4049 4055 4059 4068 4080 4093 4124 4129 4153 4169 4176 4185 4193 4196 4235 4266 4270 4279 4289 4304 4306 4350 4360 4361 4364 4392 4413 4424 4449 4453 4457 4467 4472 4476 4483 4496 4512 4518 4539 4542 4554 4567 4568 4569 4587 4608 4612 4617 4629 4630 4706 4712 4713 4725 4745 4746 4759 4760 4763 4787 4791 4832 4833 4844 4845 4875 4888 4894 4899 4909 4922 4930 4950 4961 4969 4980 4983 4988 4990;
Charset Partition_21 = 34 68 106 138 149 162 217 258 337 375 413 486 563 591 620 657 722 776 787 896 921 982 1001 1005 1143 1160 1185 1212 1223 1224 1245 1252 1254 1263 1304 1312 1344 1358 1433 1436 1460 1465 1525 1532 1533 1567 1568 1641 1682 1736 1745 1778 1779 1792 1802 1817 1835 1842 1858 1886 1913 1920 1940 1956 2024 2064 2090 2092 2110 2146 2164 2168 2189 2211 2214 2235 2247 2276 2279 2284 2290 2331 2350 2365 2366 2380 2394 2407 2410 2428 2514 2516 2548 2552 2590 2604 2616 2617 2630 2632 2661 2696 2698 2710 2716 2764 2769 2792 2803 2814 2833 2851 2885 2886 2931 2939 2964 2967 2973 2979 2994 3061 3070 3071 3125 3140 3175 3197 3210 3270 3286 3303 3322 3338 3344 3406 3409 3447 3456 3518 3553 3561 3612 3626 3658 3695 3731 3770 3783 3812 3834 3883 3890 3908 3916 3943 3957 3971 3991 4006 4022 4058 4090 4114 4140 4146 4162 4173 4190 4208 4217 4243 4245 4255 4256 4296 4315 4409 4410 4425 4426 4451 4463 4477 4480 4485 4516 4546 4553 4558 4634 4653 4657 4678 4681 4685 4694 4741 4769 4794 4814 4819 4852 4856 4859 4896 4905 4910 4915 4960;
Charset Partition_22 = 78 98 131 224 331 333 346 403 409 560 573 618 654 655 709 771 774 908 1042 1059 1060 1078 1094 1095 1138 1140 1202 1217 1249 1306 1332 1334 1353 1404 1405 1408 1419 1458 1510 1552 1556 1570 1577 1593 1596 1632 1646 1648 1662 1670 1677 1692 1713 1727 1734 1755 1760 1766 1803 1809 1820 1826 1882 1884 1895 1907 1909 1915 1923 1934 1935 1939 1947 1958 1969 1977 1983 1987 1992 1999 2025 2038 2079 2082 2094 2095 2098 2108 2124 2125 2149 2154 2159 2182 2190 2193 2198 2202 2218 2254 2265 2285 2299 2302 2304 2330 2337 2348 2357 2391 2395 2401 2409 2412 2419 2420 2446 2450 2460 2468 2476 2493 2500 2553 2557 2580 2587 2606 2609 2657 2674 2682 2693 2706 2731 2736 2740 2756 2772 2819 2842 2844 2858 2862 2870 2876 2879 2880 2918 2922 2928 2950 2958 2960 2968 3005 3019 3036 3043 3050 3104 3108 3165 3167 3218 3236 3254 3256 3258 3290 3304 3324 3343 3359 3439 3449 3464 3515 3520 3525 3680 3691 3693 3701 3702 3703 3730 3760 3786 3802 3867 3870 3913 3914 3937 3976 4010 4041 4046 4071 4077 4085 4102 4112 4116 4125 4142 4145 4156 4158 4174 4179 4183 4205 4272 4275 4326 4329 4330 4335 4368 4394 4401 4405 4415 4416 4419 4450 4455 4462 4468 4473 4484 4491 4497 4511 4521 4535 4541 4550 4583 4636 4644 4648 4672 4723 4812 4821 4825 4828 4829 4831 4860 4889 4917 4934 4944 4976 4993 4996;
Charset Partition_23 = 38 108 325 380 670 804 828 948 970 990 1024 1033 1044 1076 1093 1122 1125 1192 1228 1301 1338 1451 1455 1466 1490 1511 1512 1538 1545 1551 1566 1621 1638 1683 1690 1701 1718 1744 1758 1762 1772 1808 1834 1844 1872 1877 1883 1888 1905 1910 1942 1943 1949 2106 2133 2148 2166 2187 2231 2253 2257 2263 2272 2294 2324 2378 2426 2442 2479 2480 2518 2539 2551 2558 2594 2650 2664 2702 2719 2729 2737 2788 2834 2838 2841 2845 2860 2897 2935 2980 2998 3021 3062 3086 3090 3131 3161 3207 3211 3212 3253 3257 3262 3285 3306 3378 3405 3433 3438 3441 3450 3455 3467 3476 3481 3517 3545 3602 3614 3616 3653 3664 3710 3722 3765 3771 3782 3785 3797 3809 3823 3835 3858 3876 3877 3878 3904 3917 3923 3960 3964 3993 3998 4023 4026 4110 4126 4141 4172 4202 4212 4220 4250 4260 4274 4312 4324 4374 4434 4486 4494 4505 4517 4528 4532 4561 4566 4574 4597 4613 4628 4660 4703 4715 4751 4754 4790 4806 4835 4854 4863 4924 4940 4947 4965;
Charset Partition_24 = 72 136 184 255 598 937 1011 1014 1022 1036 1043 1055 1056 1067 1084 1105 1112 1119 1123 1142 1146 1176 1181 1203 1205 1210 1229 1234 1302 1310 1320 1355 1384 1392 1406 1423 1472 1480 1483 1488 1492 1498 1501 1526 1548 1580 1581 1627 1650 1653 1664 1668 1789 1811 1813 1874 1887 1922 1931 2019 2034 2087 2091 2138 2151 2260 2269 2282 2316 2351 2396 2483 2495 2515 2530 2540 2550 2574 2655 2659 2680 2700 2704 2711 2775 2794 2818 2829 2896 2948 3034 3074 3078 3079 3088 3097 3128 3143 3145 3157 3172 3180 3183 3201 3215 3227 3230 3232 3240 3267 3284 3294 3325 3328 3349 3388 3392 3402 3417 3424 3425 3431 3437 3442 3443 3461 3494 3495 3533 3581 3611 3657 3699 3705 3706 3738 3789 3830 3857 3889 3893 3921 3934 3944 3958 3981 4008 4028 4088 4100 4109 4143 4157 4231 4271 4300 4344 4430 4478 4502 4525 4551 4580 4601 4604 4631 4674 4684 4721 4726 4729 4753 4778 4809 4811 4836 4882 4901 4904 4970;
Charset Partition_25 = 75 666 1003 1016 1027 1031 1053 1065 1069 1082 1111 1130 1149 1162 1167 1169 1172 1174 1182 1220 1232 1264 1265 1287 1289 1297 1317 1328 1342 1350 1390 1396 1399 1407 1429 1441 1447 1453 1457 1481 1485 1491 1497 1500 1543 1604 1618 1661 1679 1704 1738 1748 1756 1871 1881 1889 1900 1902 1904 1919 1921 1936 1961 1967 1984 1986 1997 2005 2080 2102 2129 2150 2195 2213 2223 2244 2252 2286 2298 2362 2431 2596 2608 2642 2686 2690 2741 2743 2760 2805 2821 2927 2937 2949 3018 3024 3051 3057 3087 3105 3114 3121 3155 3162 3164 3177 3181 3184 3192 3195 3200 3242 3263 3274 3280 3314 3326 3352 3354 3363 3367 3383 3390 3407 3413 3427 3473 3485 3493 3498 3512 3522 3539 3546 3579 3583 3589 3624 3628 3634 3643 3650 3660 3675 3707 3708 3728 3732 3735 3754 3767 3769 3776 3781 3784 3787 3822 3824 3842 3850 3854 3907 3912 3926 4039 4096 4171 4181 4204 4241 4285 4297 4349 4352 4381 4523 4563 4638 4650 4676 4682 4702 4742 4780 4839 4873 4879 4919 4931 4939 4978;
Charset Partition_26 = 177 196 1009 1025 1052 1073 1085 1101 1108 1117 1148 1177 1186 1191 1194 1199 1208 1242 1247 1250 1299 1323 1326 1327 1364 1368 1380 1389 1391 1398 1411 1440 1454 1496 1523 1527 1530 1531 1576 1639 1643 1655 1686 1694 1698 1711 1725 1743 1751 1754 1759 1767 1768 1771 1787 1812 1846 1848 1852 1924 1929 1951 1957 1960 1966 1985 1988 1996 2144 2153 2157 2221 2232 2372 2438 2528 2599 2942 2986 3006 3011 3013 3055 3063 3073 3098 3194 3206 3208 3229 3260 3291 3299 3302 3350 3357 3360 3365 3374 3381 3385 3398 3411 3421 3426 3454 3482 3488 3510 3511 3524 3528 3532 3559 3560 3565 3597 3599 3627 3630 3633 3666 3668 3685 3688 3723 3725 3744 3815 3828 3837 3846 3847 3872 3897 3953 3961 3966 3995 4168 4175 4252 4263 4322 4332 4356 4376 4385 4399 4441 4481 4595 4598 4603 4618 4768 4786 4824 4851 4855 4908 4984;
Charset Partition_27 = 1063 1077 1083 1096 1100 1141 1168 1175 1236 1240 1280 1309 1319 1329 1337 1354 1367 1370 1393 1394 1400 1416 1428 1477 1493 1495 1504 1508 1509 1529 1549 1569 1574 1598 1612 1614 1637 1656 1671 1681 1693 1700 1724 1740 1770 1793 1807 1822 1856 1885 1903 1953 1974 2101 2417 2513 2645 2658 2761 2776 2806 3045 3066 3069 3084 3116 3119 3153 3188 3190 3228 3233 3235 3248 3279 3298 3315 3358 3361 3371 3386 3396 3400 3412 3446 3459 3466 3468 3471 3484 3489 3519 3537 3584 3592 3593 3594 3619 3637 3646 3652 3669 3671 3694 3698 3724 3733 3753 3757 3780 3795 3799 3801 3805 3810 3935 3962 3973 3978 3979 3982 3987 3992 4061 4082 4210 4313 4359 4365 4701 4714;
Charset Partition_28 = 1015 1034 1086 1088 1089 1107 1115 1135 1139 1151 1158 1219 1244 1261 1272 1275 1303 1409 1420 1435 1444 1463 1475 1520 1528 1534 1592 1600 1720 1765 1788 1828 1843 1869 1892 1916 1925 1933 1937 1944 1955 1959 1993 2205 2487 2492 2504 3014 3038 3039 3053 3082 3109 3112 3127 3149 3154 3182 3186 3189 3209 3219 3221 3222 3241 3295 3323 3331 3341 3345 3435 3451 3474 3479 3486 3491 3497 3550 3551 3573 3582 3690 3700 3759 3775 3791 3804 3816 3831 3836 3873 3905 3930 3947 3969 3970 3972 3977 3989 4121 4134 4276 4305;
Charset Partition_29 = 1008 1017 1072 1081 1087 1099 1131 1153 1155 1159 1161 1173 1178 1189 1248 1266 1277 1285 1292 1294 1295 1346 1356 1382 1387 1410 1473 1505 1514 1535 1559 1573 1583 1603 1640 1678 1691 1703 1715 1723 1741 1823 1853 1859 1891 1898 1970 1990 1995 2000 2074 2088 2161 2236 2338 2648 2713 2782 3003 3032 3080 3123 3129 3144 3158 3203 3217 3226 3245 3246 3271 3278 3296 3310 3311 3330 3336 3366 3380 3389 3393 3428 3501 3508 3513 3516 3527 3529 3548 3555 3563 3569 3620 3656 3704 3764 3843 3863 3882 3900 3911 3931 3949 3950 4052 4086 4186 4211 4287 4311 4458 4671 4719;
Charset Partition_30 = 1004 1013 1018 1020 1026 1029 1046 1051 1057 1070 1071 1075 1079 1091 1097 1102 1103 1109 1114 1118 1128 1133 1144 1147 1150 1165 1166 1183 1187 1188 1190 1195 1197 1198 1213 1226 1227 1235 1237 1239 1243 1268 1271 1278 1279 1281 1282 1283 1290 1291 1293 1296 1300 1308 1311 1316 1318 1322 1325 1333 1336 1339 1340 1341 1345 1348 1352 1357 1361 1365 1366 1369 1372 1375 1376 1378 1379 1395 1397 1412 1414 1415 1417 1418 1421 1422 1424 1425 1426 1431 1432 1437 1438 1442 1446 1448 1449 1452 1464 1467 1478 1487 1489 1502 1513 1515 1516 1517 1518 1522 1540 1553 1554 1558 1564 1575 1578 1584 1585 1589 1597 1606 1607 1616 1624 1626 1628 1631 1634 1635 1645 1647 1649 1652 1659 1663 1667 1675 1680 1687 1688 1689 1697 1699 1707 1709 1712 1714 1716 1721 1722 1728 1729 1731 1733 1737 1746 1749 1750 1757 1761 1773 1774 1775 1776 1782 1785 1786 1796 1799 1801 1804 1805 1816 1818 1821 1833 1837 1838 1839 1841 1845 1847 1849 1851 1854 1860 1861 1864 1865 1867 1868 1870 1873 1875 1876 1896 1901 1912 1914 1917 1926 1927 1938 1941 1948 1954 1963 1968 1981 1989 1994 2051 2061 2175 2207 2264 2309 2538 2644 2810 2872 2916 2987 3002 3004 3009 3010 3012 3016 3020 3026 3027 3029 3030 3037 3040 3041 3042 3044 3047 3048 3054 3065 3075 3077 3081 3085 3089 3091 3092 3100 3101 3102 3107 3111 3113 3120 3122 3124 3133 3135 3136 3137 3148 3151 3152 3159 3163 3168 3171 3176 3178 3187 3191 3193 3198 3199 3202 3205 3213 3214 3216 3220 3224 3225 3234 3255 3259 3264 3266 3273 3282 3288 3289 3292 3293 3297 3305 3307 3309 3312 3316 3317 3319 3327 3332 3337 3340 3342 3347 3348 3351 3355 3356 3362 3368 3375 3384 3391 3395 3399 3403 3408 3414 3415 3419 3420 3422 3436 3440 3448 3452 3453 3457 3460 3465 3477 3487 3496 3500 3504 3505 3506 3507 3521 3523 3526 3534 3536 3538 3540 3541 3543 3552 3554 3556 3557 3558 3567 3574 3576 3577 3585 3586 3587 3596 3600 3603 3615 3617 3618 3622 3625 3631 3632 3639 3640 3641 3645 3654 3661 3662 3663 3670 3672 3673 3677 3683 3697 3711 3713 3715 3717 3719 3726 3727 3734 3741 3742 3743 3748 3749 3751 3752 3756 3761 3762 3768 3778 3790 3793 3796 3798 3800 3803 3819 3820 3821 3826 3832 3839 3841 3849 3851 3852 3853 3856 3859 3860 3861 3862 3879 3881 3884 3888 3891 3892 3895 3903 3909 3915 3922 3924 3933 3939 3941 3942 3946 3951 3952 3954 3956 3985 3986 3994 3997 3999 4437 4557 4577 4593 4732 4740 4838 4921;
partition Partitions = 30: Partition_1, Partition_2, Partition_3, Partition_4, Partition_5, Partition_6, Partition_7, Partition_8, Partition_9, Partition_10, Partition_11, Partition_12, Partition_13, Partition_14, Partition_15, Partition_16, Partition_17, Partition_18, Partition_19, Partition_20, Partition_21, Partition_22, Partition_23, Partition_24, Partition_25, Partition_26, Partition_27, Partition_28, Partition_29, Partition_30;
set partition = Partitions;


PHYLIP  style
DNA, Partition_1 = 95, 605, 2843, 4524, 4626
DNA, Partition_2 = 169, 717, 1982, 2418, 2953, 3117, 3902, 4166, 4259, 4290, 4679, 4810
DNA, Partition_3 = 35, 334, 649, 952, 1657, 2305, 2738, 4119, 4194, 4303, 4393, 4445, 4623
DNA, Partition_4 = 122, 1215, 1706, 2012, 2077, 2984, 3492, 4652
DNA, Partition_5 = 448, 523, 713, 735, 769, 927, 1519, 1602, 2086, 2137, 2445, 2943, 3118, 3160, 3335, 3370, 3984, 4036, 4038, 4136, 4317, 4538, 4575, 4918
DNA, Partition_6 = 5, 158, 282, 352, 692, 755, 1154, 1702, 1719, 2355, 2404, 2497, 2499, 2501, 2545, 2547, 2728, 2817, 2850, 3025, 3475, 3580, 3605, 3845, 4075, 4094, 4123, 4170, 4439, 4508, 4515, 4576
DNA, Partition_7 = 57, 277, 419, 489, 829, 865, 1259, 1276, 1814, 1830, 2028, 2045, 2809, 2992, 3068, 3514, 3721, 4002, 4033, 4060, 4079, 4105, 4257, 4310, 4331, 4422, 4571, 4766, 4848, 4881
DNA, Partition_8 = 101, 117, 146, 216, 302, 364, 396, 457, 577, 580, 632, 643, 682, 913, 977, 984, 993, 1476, 1665, 2141, 2220, 2243, 2297, 2322, 2424, 2444, 2451, 2562, 2572, 2643, 2703, 2840, 2857, 2895, 3095, 3099, 3372, 3377, 3609, 3777, 3833, 3936, 4035, 4053, 4122, 4282, 4308, 4380, 4545, 4738, 4877, 4891, 4911, 4914
DNA, Partition_9 = 18, 55, 83, 87, 119, 174, 176, 293, 294, 308, 454, 503, 542, 636, 652, 780, 839, 845, 965, 985, 1251, 1507, 1521, 1620, 1630, 1962, 1973, 2017, 2400, 2475, 2633, 2695, 2717, 2867, 2893, 3067, 3138, 3249, 3353, 3369, 3679, 3686, 3896, 3963, 4151, 4189, 4213, 4267, 4371, 4378, 4460, 4464, 4470, 4504, 4578, 4639, 4641, 4675, 4683, 4696, 4705, 4761, 4820, 4849, 4861, 4870, 4892
DNA, Partition_10 = 11, 13, 44, 81, 152, 204, 219, 257, 275, 358, 370, 384, 392, 496, 504, 544, 581, 650, 674, 678, 689, 701, 702, 731, 793, 814, 897, 959, 974, 988, 1035, 1127, 1180, 1206, 1255, 1610, 1708, 1797, 1908, 1945, 2011, 2056, 2068, 2100, 2204, 2283, 2288, 2311, 2363, 2455, 2491, 2534, 2537, 2568, 2605, 2660, 2709, 2795, 2854, 2864, 2878, 2881, 2904, 2906, 2923, 2944, 2975, 2996, 3060, 3093, 3269, 3346, 3483, 3568, 3575, 3601, 3689, 3829, 3886, 3894, 3955, 4000, 4054, 4108, 4133, 4154, 4221, 4242, 4291, 4319, 4339, 4355, 4363, 4454, 4540, 4573, 4610, 4673, 4695, 4731, 4747, 4793, 4834, 4858, 4886, 4955
DNA, Partition_11 = 3, 24, 36, 37, 40, 54, 71, 115, 125, 283, 297, 301, 322, 369, 381, 408, 427, 432, 497, 506, 511, 515, 521, 533, 744, 792, 809, 818, 831, 855, 910, 926, 945, 951, 968, 1040, 1121, 1257, 1286, 1474, 1482, 1544, 1636, 1800, 1815, 1827, 1879, 1893, 2003, 2083, 2123, 2139, 2177, 2361, 2384, 2429, 2458, 2477, 2614, 2620, 2629, 2683, 2753, 2784, 2839, 2909, 3031, 3404, 3604, 3606, 3608, 3647, 3682, 3813, 3901, 3945, 4034, 4050, 4069, 4118, 4184, 4209, 4219, 4224, 4299, 4314, 4456, 4474, 4556, 4560, 4605, 4665, 4686, 4689, 4711, 4883, 4903, 4920, 4926, 4932, 4938
DNA, Partition_12 = 29, 63, 73, 79, 93, 104, 111, 116, 167, 188, 191, 201, 205, 226, 238, 243, 256, 313, 319, 324, 340, 349, 350, 372, 400, 429, 459, 466, 483, 493, 502, 513, 546, 597, 614, 644, 669, 693, 712, 721, 723, 725, 729, 742, 758, 761, 767, 785, 799, 812, 822, 823, 849, 871, 873, 878, 884, 911, 912, 953, 978, 1041, 1050, 1222, 1270, 1284, 1298, 1335, 1359, 1386, 1403, 1459, 1550, 1590, 1611, 1651, 1674, 1783, 1784, 1831, 2006, 2027, 2059, 2060, 2152, 2171, 2256, 2267, 2310, 2328, 2341, 2393, 2441, 2520, 2536, 2554, 2564, 2573, 2589, 2602, 2603, 2647, 2679, 2763, 2771, 2800, 2813, 2822, 2899, 2917, 2947, 3007, 3223, 3432, 3509, 3542, 3739, 3772, 3788, 3792, 3864, 3925, 4018, 4021, 4029, 4031, 4037, 4064, 4098, 4101, 4103, 4107, 4178, 4187, 4197, 4201, 4226, 4228, 4244, 4258, 4277, 4318, 4377, 4379, 4388, 4395, 4418, 4423, 4530, 4543, 4549, 4565, 4620, 4667, 4668, 4699, 4708, 4757, 4798, 4841, 4857, 4893, 4937, 4979, 4995
DNA, Partition_13 = 2, 4, 23, 42, 45, 52, 53, 64, 67, 70, 89, 96, 99, 105, 107, 112, 143, 168, 213, 221, 223, 225, 237, 248, 250, 295, 296, 307, 312, 336, 344, 357, 363, 378, 379, 386, 395, 398, 414, 422, 426, 440, 474, 476, 485, 514, 531, 570, 586, 611, 613, 615, 616, 641, 647, 659, 679, 699, 707, 728, 730, 746, 752, 764, 766, 770, 775, 781, 789, 790, 798, 833, 834, 876, 879, 901, 929, 939, 942, 967, 971, 972, 981, 983, 999, 1038, 1045, 1068, 1170, 1200, 1274, 1331, 1360, 1383, 1385, 1503, 1547, 1560, 1579, 1605, 1619, 1654, 1676, 1781, 1806, 1840, 1946, 1972, 1975, 2014, 2016, 2021, 2029, 2043, 2054, 2055, 2058, 2073, 2107, 2120, 2132, 2210, 2229, 2237, 2251, 2259, 2289, 2301, 2333, 2368, 2377, 2387, 2402, 2411, 2457, 2462, 2470, 2522, 2524, 2546, 2571, 2581, 2586, 2635, 2653, 2663, 2672, 2701, 2707, 2714, 2866, 2868, 2905, 2945, 2955, 2971, 2982, 3035, 3046, 3103, 3237, 3243, 3265, 3333, 3418, 3463, 3472, 3571, 3745, 3827, 3880, 3885, 3898, 3927, 3948, 3959, 4032, 4044, 4047, 4056, 4066, 4072, 4076, 4083, 4111, 4113, 4115, 4120, 4127, 4128, 4135, 4147, 4150, 4159, 4161, 4188, 4207, 4253, 4265, 4286, 4321, 4333, 4338, 4348, 4354, 4382, 4414, 4436, 4469, 4482, 4487, 4499, 4537, 4570, 4591, 4599, 4607, 4611, 4615, 4697, 4727, 4728, 4730, 4744, 4749, 4762, 4777, 4779, 4783, 4789, 4803, 4898, 4900, 4925, 4942, 4943, 4959, 4981, 4994
DNA, Partition_14 = 14, 19, 20, 27, 30, 58, 86, 118, 153, 157, 159, 173, 179, 181, 182, 187, 189, 193, 199, 200, 206, 215, 229, 240, 242, 246, 247, 251, 261, 262, 268, 271, 278, 289, 292, 299, 305, 328, 353, 355, 362, 365, 366, 393, 407, 412, 417, 418, 452, 460, 464, 465, 471, 475, 481, 491, 500, 507, 509, 520, 524, 528, 540, 550, 566, 571, 574, 589, 592, 593, 606, 619, 633, 645, 661, 662, 673, 688, 698, 700, 718, 749, 753, 777, 782, 786, 791, 811, 813, 819, 821, 850, 853, 859, 860, 863, 866, 883, 899, 905, 915, 918, 925, 933, 940, 954, 955, 964, 992, 995, 1006, 1010, 1048, 1049, 1062, 1098, 1124, 1132, 1152, 1193, 1313, 1314, 1427, 1439, 1539, 1542, 1557, 1587, 1599, 1623, 1625, 1666, 1672, 1695, 1710, 1730, 1753, 1790, 1798, 1829, 1863, 1890, 2039, 2041, 2044, 2066, 2072, 2078, 2084, 2121, 2122, 2142, 2160, 2162, 2170, 2191, 2192, 2209, 2227, 2238, 2241, 2291, 2307, 2312, 2325, 2327, 2332, 2369, 2374, 2390, 2415, 2425, 2453, 2510, 2512, 2517, 2535, 2544, 2549, 2585, 2592, 2639, 2652, 2654, 2671, 2692, 2722, 2724, 2754, 2762, 2785, 2790, 2791, 2793, 2816, 2824, 2826, 2832, 2855, 2871, 2892, 2901, 2911, 2924, 2936, 2941, 2952, 2957, 2961, 2965, 2974, 2999, 3022, 3058, 3115, 3139, 3179, 3204, 3318, 3320, 3334, 3339, 3444, 3502, 3598, 3659, 3678, 3709, 3714, 3718, 3806, 3808, 3840, 3920, 3983, 4057, 4074, 4092, 4167, 4218, 4225, 4248, 4249, 4262, 4278, 4307, 4320, 4336, 4345, 4389, 4421, 4429, 4431, 4443, 4492, 4498, 4509, 4522, 4527, 4559, 4649, 4656, 4661, 4710, 4724, 4752, 4756, 4782, 4788, 4802, 4805, 4823, 4837, 4843, 4850, 4864, 4867, 4885, 4912, 4936, 4945, 4954, 4964, 4968, 4999
DNA, Partition_15 = 21, 22, 25, 32, 39, 43, 59, 62, 91, 113, 114, 126, 134, 150, 186, 194, 195, 208, 222, 227, 230, 236, 241, 244, 249, 267, 315, 317, 321, 323, 326, 329, 341, 347, 351, 361, 371, 387, 402, 424, 431, 435, 438, 456, 463, 470, 482, 490, 501, 505, 516, 537, 549, 552, 555, 556, 567, 569, 583, 584, 585, 588, 590, 607, 612, 617, 622, 625, 630, 642, 646, 658, 660, 667, 671, 677, 680, 690, 705, 711, 714, 715, 720, 724, 727, 732, 734, 750, 751, 756, 762, 807, 808, 816, 841, 851, 854, 858, 861, 882, 885, 889, 900, 902, 916, 930, 946, 960, 962, 969, 980, 986, 987, 994, 1021, 1054, 1066, 1156, 1241, 1256, 1307, 1315, 1343, 1351, 1371, 1374, 1401, 1443, 1450, 1506, 1561, 1562, 1594, 1608, 1613, 1629, 1642, 1660, 1685, 1705, 1739, 1747, 1752, 1764, 1769, 1777, 1825, 1866, 1932, 1978, 2007, 2009, 2026, 2042, 2057, 2097, 2109, 2115, 2119, 2185, 2188, 2199, 2206, 2222, 2239, 2242, 2277, 2356, 2386, 2399, 2406, 2427, 2435, 2464, 2466, 2467, 2474, 2494, 2496, 2527, 2541, 2615, 2622, 2628, 2637, 2640, 2665, 2681, 2684, 2685, 2699, 2715, 2726, 2749, 2787, 2801, 2831, 2846, 2847, 2874, 2883, 2887, 2921, 2962, 2972, 2983, 3001, 3008, 3072, 3134, 3150, 3261, 3283, 3373, 3379, 3397, 3429, 3478, 3503, 3544, 3566, 3578, 3607, 3712, 3737, 3750, 3763, 3844, 3848, 3918, 3928, 3929, 3988, 3990, 4027, 4042, 4051, 4062, 4063, 4067, 4087, 4137, 4148, 4165, 4222, 4223, 4233, 4236, 4238, 4240, 4246, 4268, 4269, 4292, 4337, 4342, 4347, 4351, 4358, 4362, 4372, 4383, 4396, 4403, 4406, 4428, 4432, 4442, 4448, 4466, 4493, 4503, 4510, 4519, 4526, 4529, 4588, 4606, 4627, 4645, 4647, 4655, 4687, 4700, 4735, 4736, 4755, 4767, 4792, 4799, 4807, 4808, 4815, 4816, 4817, 4827, 4847, 4866, 4923, 4946, 4948, 4963, 4967, 4997
DNA, Partition_16 = 1, 9, 10, 26, 28, 31, 47, 48, 51, 66, 84, 88, 97, 102, 121, 127, 129, 142, 145, 148, 166, 175, 185, 212, 218, 233, 239, 253, 260, 269, 270, 276, 279, 281, 304, 311, 314, 320, 332, 356, 368, 377, 389, 399, 405, 416, 425, 439, 441, 449, 450, 451, 472, 473, 512, 519, 525, 527, 535, 551, 553, 554, 557, 596, 599, 600, 621, 623, 624, 629, 635, 640, 663, 664, 668, 676, 684, 687, 695, 697, 706, 708, 719, 736, 738, 772, 783, 801, 817, 830, 842, 844, 847, 848, 862, 870, 874, 877, 881, 888, 894, 895, 934, 938, 950, 956, 963, 996, 1023, 1028, 1061, 1104, 1116, 1137, 1145, 1157, 1164, 1204, 1211, 1258, 1267, 1381, 1402, 1445, 1456, 1461, 1462, 1471, 1499, 1536, 1541, 1565, 1609, 1617, 1673, 1717, 1763, 1857, 1878, 1897, 1979, 1998, 2004, 2020, 2037, 2046, 2052, 2071, 2096, 2099, 2111, 2114, 2116, 2127, 2172, 2179, 2180, 2186, 2226, 2240, 2249, 2261, 2262, 2266, 2274, 2275, 2313, 2323, 2326, 2339, 2343, 2347, 2389, 2403, 2416, 2456, 2481, 2488, 2506, 2511, 2529, 2532, 2559, 2561, 2567, 2570, 2582, 2618, 2619, 2634, 2638, 2649, 2662, 2666, 2670, 2687, 2727, 2751, 2766, 2780, 2827, 2848, 2877, 2913, 2914, 2915, 2959, 2988, 2990, 3000, 3023, 3028, 3130, 3169, 3185, 3244, 3268, 3272, 3275, 3277, 3308, 3329, 3387, 3394, 3490, 3590, 3740, 3825, 3869, 3871, 3996, 4005, 4019, 4025, 4084, 4097, 4182, 4199, 4206, 4229, 4237, 4239, 4261, 4273, 4280, 4288, 4316, 4340, 4353, 4366, 4367, 4390, 4391, 4398, 4402, 4408, 4417, 4488, 4489, 4495, 4500, 4506, 4536, 4548, 4552, 4555, 4581, 4586, 4596, 4600, 4614, 4619, 4621, 4625, 4642, 4651, 4658, 4666, 4704, 4737, 4743, 4765, 4772, 4773, 4784, 4797, 4822, 4840, 4846, 4853, 4871, 4876, 4880, 4897, 4902, 4906, 4951, 4982, 4987, 4991
DNA, Partition_17 = 12, 16, 33, 49, 61, 100, 109, 123, 124, 137, 139, 141, 147, 171, 178, 192, 203, 214, 220, 231, 245, 254, 272, 274, 287, 291, 298, 303, 338, 343, 348, 359, 360, 383, 388, 391, 394, 404, 411, 415, 421, 430, 433, 434, 436, 437, 442, 443, 445, 458, 467, 480, 484, 517, 529, 530, 532, 543, 548, 558, 561, 562, 564, 568, 575, 594, 603, 608, 610, 626, 627, 628, 634, 638, 639, 683, 694, 703, 704, 716, 737, 747, 748, 754, 768, 778, 779, 795, 802, 805, 824, 825, 826, 832, 835, 843, 864, 867, 872, 887, 890, 892, 893, 903, 909, 922, 928, 931, 932, 935, 941, 944, 961, 973, 1002, 1019, 1047, 1064, 1134, 1163, 1179, 1207, 1218, 1225, 1233, 1262, 1363, 1373, 1413, 1430, 1434, 1582, 1622, 1658, 1669, 1684, 1794, 1824, 1894, 2002, 2010, 2018, 2030, 2063, 2065, 2067, 2085, 2089, 2117, 2118, 2130, 2156, 2163, 2174, 2200, 2219, 2225, 2233, 2258, 2280, 2315, 2317, 2345, 2349, 2364, 2381, 2422, 2423, 2432, 2437, 2440, 2452, 2473, 2505, 2508, 2526, 2531, 2563, 2566, 2579, 2600, 2624, 2625, 2627, 2631, 2651, 2668, 2677, 2689, 2691, 2720, 2721, 2723, 2730, 2742, 2750, 2759, 2767, 2799, 2802, 2804, 2808, 2820, 2823, 2849, 2865, 2888, 2889, 2891, 2894, 2898, 2902, 2910, 2929, 2930, 2932, 2976, 2978, 2985, 2989, 2995, 2997, 3033, 3049, 3052, 3059, 3083, 3110, 3126, 3132, 3156, 3170, 3238, 3239, 3252, 3376, 3430, 3445, 3469, 3480, 3547, 3572, 3588, 3621, 3636, 3655, 3716, 3720, 3746, 3773, 3779, 3807, 3817, 3818, 3875, 3887, 3967, 3975, 4014, 4016, 4030, 4043, 4065, 4073, 4104, 4131, 4144, 4152, 4160, 4163, 4164, 4195, 4215, 4232, 4298, 4301, 4325, 4327, 4357, 4386, 4387, 4412, 4435, 4440, 4447, 4461, 4479, 4501, 4513, 4514, 4533, 4572, 4579, 4584, 4589, 4592, 4609, 4616, 4632, 4635, 4637, 4659, 4662, 4677, 4680, 4690, 4693, 4717, 4718, 4770, 4771, 4776, 4795, 4800, 4804, 4842, 4878, 4887, 4895, 4916, 4927, 4933, 4949, 4957, 4958
DNA, Partition_18 = 6, 8, 41, 50, 56, 60, 69, 74, 76, 77, 94, 103, 110, 133, 135, 151, 154, 155, 156, 160, 170, 198, 202, 209, 210, 211, 228, 232, 263, 264, 265, 266, 280, 288, 310, 330, 335, 373, 374, 382, 390, 406, 420, 428, 447, 453, 455, 462, 468, 469, 477, 478, 479, 492, 494, 495, 508, 510, 518, 538, 539, 545, 572, 579, 582, 595, 604, 631, 648, 651, 653, 656, 672, 675, 686, 726, 739, 741, 759, 760, 763, 765, 773, 797, 806, 815, 820, 838, 846, 856, 869, 875, 880, 904, 917, 947, 975, 1007, 1037, 1074, 1080, 1106, 1120, 1126, 1136, 1196, 1221, 1230, 1253, 1260, 1305, 1349, 1362, 1468, 1470, 1479, 1484, 1537, 1586, 1601, 1633, 1735, 1742, 1791, 1819, 1906, 1918, 1971, 1980, 1991, 2015, 2023, 2031, 2036, 2040, 2048, 2103, 2105, 2113, 2126, 2155, 2167, 2169, 2248, 2268, 2271, 2273, 2278, 2295, 2300, 2306, 2314, 2318, 2320, 2321, 2329, 2336, 2352, 2359, 2367, 2371, 2382, 2383, 2385, 2388, 2398, 2414, 2434, 2439, 2443, 2449, 2478, 2486, 2503, 2509, 2525, 2542, 2556, 2595, 2597, 2607, 2612, 2626, 2636, 2646, 2656, 2712, 2718, 2725, 2733, 2734, 2745, 2746, 2747, 2755, 2765, 2781, 2789, 2797, 2807, 2812, 2835, 2836, 2837, 2853, 2859, 2869, 2873, 2882, 2900, 2908, 2926, 2954, 2963, 2977, 3017, 3056, 3094, 3106, 3142, 3146, 3166, 3174, 3196, 3276, 3287, 3313, 3321, 3364, 3382, 3423, 3499, 3535, 3562, 3564, 3610, 3665, 3674, 3736, 3755, 3774, 3794, 3868, 3874, 3910, 3965, 4003, 4011, 4020, 4040, 4078, 4081, 4089, 4091, 4095, 4099, 4130, 4132, 4138, 4155, 4177, 4191, 4198, 4200, 4214, 4216, 4227, 4230, 4281, 4283, 4293, 4294, 4309, 4323, 4334, 4343, 4346, 4370, 4375, 4384, 4397, 4407, 4411, 4420, 4433, 4438, 4459, 4465, 4490, 4520, 4547, 4590, 4602, 4622, 4633, 4654, 4669, 4688, 4692, 4709, 4720, 4739, 4750, 4758, 4764, 4785, 4796, 4813, 4818, 4862, 4865, 4868, 4869, 4884, 4890, 4907, 4913, 4941, 4953, 4962, 4971, 4972, 4973, 4974, 4975, 4985, 4986, 4989, 4992, 4998, 5000
DNA, Partition_19 = 7, 15, 17, 46, 65, 80, 92, 128, 130, 132, 144, 161, 163, 164, 172, 180, 183, 190, 197, 235, 252, 273, 284, 306, 309, 318, 327, 339, 345, 367, 376, 385, 397, 401, 410, 423, 444, 446, 461, 488, 498, 499, 526, 534, 536, 541, 547, 559, 565, 587, 601, 609, 637, 685, 696, 710, 740, 743, 745, 757, 788, 803, 810, 836, 837, 840, 852, 857, 868, 886, 891, 898, 906, 907, 914, 920, 923, 924, 936, 949, 957, 958, 966, 989, 997, 1000, 1032, 1090, 1092, 1110, 1129, 1214, 1216, 1238, 1246, 1288, 1321, 1324, 1330, 1347, 1469, 1486, 1494, 1524, 1546, 1563, 1572, 1588, 1591, 1595, 1615, 1644, 1726, 1732, 1795, 1836, 1850, 1928, 1964, 1965, 1976, 2001, 2008, 2013, 2022, 2049, 2062, 2069, 2070, 2076, 2081, 2104, 2135, 2143, 2158, 2165, 2173, 2176, 2181, 2183, 2194, 2196, 2201, 2208, 2228, 2230, 2245, 2250, 2255, 2270, 2287, 2292, 2293, 2296, 2319, 2340, 2342, 2344, 2346, 2353, 2358, 2360, 2373, 2375, 2376, 2379, 2392, 2436, 2448, 2459, 2463, 2465, 2469, 2471, 2482, 2485, 2490, 2519, 2560, 2565, 2576, 2577, 2583, 2588, 2598, 2601, 2611, 2613, 2667, 2669, 2694, 2708, 2735, 2739, 2744, 2748, 2752, 2757, 2758, 2768, 2770, 2773, 2774, 2777, 2778, 2783, 2786, 2798, 2815, 2856, 2875, 2884, 2946, 2951, 2956, 2966, 2969, 2970, 2991, 2993, 3076, 3141, 3173, 3247, 3250, 3251, 3301, 3410, 3434, 3531, 3549, 3570, 3595, 3629, 3635, 3642, 3648, 3651, 3681, 3696, 3729, 3758, 3766, 3838, 3855, 3866, 3899, 3919, 3940, 3974, 4001, 4004, 4009, 4012, 4013, 4024, 4070, 4106, 4117, 4139, 4149, 4180, 4192, 4203, 4234, 4247, 4251, 4254, 4264, 4284, 4295, 4302, 4328, 4341, 4369, 4373, 4400, 4404, 4427, 4444, 4446, 4452, 4471, 4475, 4507, 4531, 4534, 4544, 4562, 4564, 4582, 4585, 4594, 4624, 4640, 4643, 4646, 4663, 4664, 4670, 4691, 4698, 4707, 4716, 4722, 4733, 4734, 4748, 4774, 4775, 4781, 4801, 4826, 4830, 4872, 4874, 4928, 4929, 4935, 4952, 4956, 4966, 4977
DNA, Partition_20 = 82, 85, 90, 120, 140, 165, 207, 234, 259, 285, 286, 290, 300, 316, 342, 354, 487, 522, 576, 578, 602, 665, 681, 691, 733, 784, 794, 796, 800, 827, 919, 943, 976, 979, 991, 998, 1012, 1030, 1039, 1058, 1113, 1171, 1184, 1201, 1209, 1231, 1269, 1273, 1377, 1388, 1555, 1571, 1696, 1780, 1810, 1832, 1855, 1862, 1880, 1899, 1911, 1930, 1950, 1952, 2032, 2033, 2035, 2047, 2050, 2053, 2075, 2093, 2112, 2128, 2131, 2134, 2136, 2140, 2145, 2147, 2178, 2184, 2197, 2203, 2212, 2215, 2216, 2217, 2224, 2234, 2246, 2281, 2303, 2308, 2334, 2335, 2354, 2370, 2397, 2405, 2408, 2413, 2421, 2430, 2433, 2447, 2454, 2461, 2472, 2484, 2489, 2498, 2502, 2507, 2521, 2523, 2533, 2543, 2555, 2569, 2575, 2578, 2584, 2591, 2593, 2610, 2621, 2623, 2641, 2673, 2675, 2676, 2678, 2688, 2697, 2705, 2732, 2779, 2796, 2811, 2825, 2828, 2830, 2852, 2861, 2863, 2890, 2903, 2907, 2912, 2919, 2920, 2925, 2933, 2934, 2938, 2940, 2981, 3015, 3064, 3096, 3147, 3231, 3281, 3300, 3401, 3416, 3458, 3462, 3470, 3530, 3591, 3613, 3623, 3638, 3644, 3649, 3667, 3676, 3684, 3687, 3692, 3747, 3811, 3814, 3865, 3906, 3932, 3938, 3968, 3980, 4007, 4015, 4017, 4045, 4048, 4049, 4055, 4059, 4068, 4080, 4093, 4124, 4129, 4153, 4169, 4176, 4185, 4193, 4196, 4235, 4266, 4270, 4279, 4289, 4304, 4306, 4350, 4360, 4361, 4364, 4392, 4413, 4424, 4449, 4453, 4457, 4467, 4472, 4476, 4483, 4496, 4512, 4518, 4539, 4542, 4554, 4567, 4568, 4569, 4587, 4608, 4612, 4617, 4629, 4630, 4706, 4712, 4713, 4725, 4745, 4746, 4759, 4760, 4763, 4787, 4791, 4832, 4833, 4844, 4845, 4875, 4888, 4894, 4899, 4909, 4922, 4930, 4950, 4961, 4969, 4980, 4983, 4988, 4990
DNA, Partition_21 = 34, 68, 106, 138, 149, 162, 217, 258, 337, 375, 413, 486, 563, 591, 620, 657, 722, 776, 787, 896, 921, 982, 1001, 1005, 1143, 1160, 1185, 1212, 1223, 1224, 1245, 1252, 1254, 1263, 1304, 1312, 1344, 1358, 1433, 1436, 1460, 1465, 1525, 1532, 1533, 1567, 1568, 1641, 1682, 1736, 1745, 1778, 1779, 1792, 1802, 1817, 1835, 1842, 1858, 1886, 1913, 1920, 1940, 1956, 2024, 2064, 2090, 2092, 2110, 2146, 2164, 2168, 2189, 2211, 2214, 2235, 2247, 2276, 2279, 2284, 2290, 2331, 2350, 2365, 2366, 2380, 2394, 2407, 2410, 2428, 2514, 2516, 2548, 2552, 2590, 2604, 2616, 2617, 2630, 2632, 2661, 2696, 2698, 2710, 2716, 2764, 2769, 2792, 2803, 2814, 2833, 2851, 2885, 2886, 2931, 2939, 2964, 2967, 2973, 2979, 2994, 3061, 3070, 3071, 3125, 3140, 3175, 3197, 3210, 3270, 3286, 3303, 3322, 3338, 3344, 3406, 3409, 3447, 3456, 3518, 3553, 3561, 3612, 3626, 3658, 3695, 3731, 3770, 3783, 3812, 3834, 3883, 3890, 3908, 3916, 3943, 3957, 3971, 3991, 4006, 4022, 4058, 4090, 4114, 4140, 4146, 4162, 4173, 4190, 4208, 4217, 4243, 4245, 4255, 4256, 4296, 4315, 4409, 4410, 4425, 4426, 4451, 4463, 4477, 4480, 4485, 4516, 4546, 4553, 4558, 4634, 4653, 4657, 4678, 4681, 4685, 4694, 4741, 4769, 4794, 4814, 4819, 4852, 4856, 4859, 4896, 4905, 4910, 4915, 4960
DNA, Partition_22 = 78, 98, 131, 224, 331, 333, 346, 403, 409, 560, 573, 618, 654, 655, 709, 771, 774, 908, 1042, 1059, 1060, 1078, 1094, 1095, 1138, 1140, 1202, 1217, 1249, 1306, 1332, 1334, 1353, 1404, 1405, 1408, 1419, 1458, 1510, 1552, 1556, 1570, 1577, 1593, 1596, 1632, 1646, 1648, 1662, 1670, 1677, 1692, 1713, 1727, 1734, 1755, 1760, 1766, 1803, 1809, 1820, 1826, 1882, 1884, 1895, 1907, 1909, 1915, 1923, 1934, 1935, 1939, 1947, 1958, 1969, 1977, 1983, 1987, 1992, 1999, 2025, 2038, 2079, 2082, 2094, 2095, 2098, 2108, 2124, 2125, 2149, 2154, 2159, 2182, 2190, 2193, 2198, 2202, 2218, 2254, 2265, 2285, 2299, 2302, 2304, 2330, 2337, 2348, 2357, 2391, 2395, 2401, 2409, 2412, 2419, 2420, 2446, 2450, 2460, 2468, 2476, 2493, 2500, 2553, 2557, 2580, 2587, 2606, 2609, 2657, 2674, 2682, 2693, 2706, 2731, 2736, 2740, 2756, 2772, 2819, 2842, 2844, 2858, 2862, 2870, 2876, 2879, 2880, 2918, 2922, 2928, 2950, 2958, 2960, 2968, 3005, 3019, 3036, 3043, 3050, 3104, 3108, 3165, 3167, 3218, 3236, 3254, 3256, 3258, 3290, 3304, 3324, 3343, 3359, 3439, 3449, 3464, 3515, 3520, 3525, 3680, 3691, 3693, 3701, 3702, 3703, 3730, 3760, 3786, 3802, 3867, 3870, 3913, 3914, 3937, 3976, 4010, 4041, 4046, 4071, 4077, 4085, 4102, 4112, 4116, 4125, 4142, 4145, 4156, 4158, 4174, 4179, 4183, 4205, 4272, 4275, 4326, 4329, 4330, 4335, 4368, 4394, 4401, 4405, 4415, 4416, 4419, 4450, 4455, 4462, 4468, 4473, 4484, 4491, 4497, 4511, 4521, 4535, 4541, 4550, 4583, 4636, 4644, 4648, 4672, 4723, 4812, 4821, 4825, 4828, 4829, 4831, 4860, 4889, 4917, 4934, 4944, 4976, 4993, 4996
DNA, Partition_23 = 38, 108, 325, 380, 670, 804, 828, 948, 970, 990, 1024, 1033, 1044, 1076, 1093, 1122, 1125, 1192, 1228, 1301, 1338, 1451, 1455, 1466, 1490, 1511, 1512, 1538, 1545, 1551, 1566, 1621, 1638, 1683, 1690, 1701, 1718, 1744, 1758, 1762, 1772, 1808, 1834, 1844, 1872, 1877, 1883, 1888, 1905, 1910, 1942, 1943, 1949, 2106, 2133, 2148, 2166, 2187, 2231, 2253, 2257, 2263, 2272, 2294, 2324, 2378, 2426, 2442, 2479, 2480, 2518, 2539, 2551, 2558, 2594, 2650, 2664, 2702, 2719, 2729, 2737, 2788, 2834, 2838, 2841, 2845, 2860, 2897, 2935, 2980, 2998, 3021, 3062, 3086, 3090, 3131, 3161, 3207, 3211, 3212, 3253, 3257, 3262, 3285, 3306, 3378, 3405, 3433, 3438, 3441, 3450, 3455, 3467, 3476, 3481, 3517, 3545, 3602, 3614, 3616, 3653, 3664, 3710, 3722, 3765, 3771, 3782, 3785, 3797, 3809, 3823, 3835, 3858, 3876, 3877, 3878, 3904, 3917, 3923, 3960, 3964, 3993, 3998, 4023, 4026, 4110, 4126, 4141, 4172, 4202, 4212, 4220, 4250, 4260, 4274, 4312, 4324, 4374, 4434, 4486, 4494, 4505, 4517, 4528, 4532, 4561, 4566, 4574, 4597, 4613, 4628, 4660, 4703, 4715, 4751, 4754, 4790, 4806, 4835, 4854, 4863, 4924, 4940, 4947, 4965
DNA, Partition_24 = 72, 136, 184, 255, 598, 937, 1011, 1014, 1022, 1036, 1043, 1055, 1056, 1067, 1084, 1105, 1112, 1119, 1123, 1142, 1146, 1176, 1181, 1203, 1205, 1210, 1229, 1234, 1302, 1310, 1320, 1355, 1384, 1392, 1406, 1423, 1472, 1480, 1483, 1488, 1492, 1498, 1501, 1526, 1548, 1580, 1581, 1627, 1650, 1653, 1664, 1668, 1789, 1811, 1813, 1874, 1887, 1922, 1931, 2019, 2034, 2087, 2091, 2138, 2151, 2260, 2269, 2282, 2316, 2351, 2396, 2483, 2495, 2515, 2530, 2540, 2550, 2574, 2655, 2659, 2680, 2700, 2704, 2711, 2775, 2794, 2818, 2829, 2896, 2948, 3034, 3074, 3078, 3079, 3088, 3097, 3128, 3143, 3145, 3157, 3172, 3180, 3183, 3201, 3215, 3227, 3230, 3232, 3240, 3267, 3284, 3294, 3325, 3328, 3349, 3388, 3392, 3402, 3417, 3424, 3425, 3431, 3437, 3442, 3443, 3461, 3494, 3495, 3533, 3581, 3611, 3657, 3699, 3705, 3706, 3738, 3789, 3830, 3857, 3889, 3893, 3921, 3934, 3944, 3958, 3981, 4008, 4028, 4088, 4100, 4109, 4143, 4157, 4231, 4271, 4300, 4344, 4430, 4478, 4502, 4525, 4551, 4580, 4601, 4604, 4631, 4674, 4684, 4721, 4726, 4729, 4753, 4778, 4809, 4811, 4836, 4882, 4901, 4904, 4970
DNA, Partition_25 = 75, 666, 1003, 1016, 1027, 1031, 1053, 1065, 1069, 1082, 1111, 1130, 1149, 1162, 1167, 1169, 1172, 1174, 1182, 1220, 1232, 1264, 1265, 1287, 1289, 1297, 1317, 1328, 1342, 1350, 1390, 1396, 1399, 1407, 1429, 1441, 1447, 1453, 1457, 1481, 1485, 1491, 1497, 1500, 1543, 1604, 1618, 1661, 1679, 1704, 1738, 1748, 1756, 1871, 1881, 1889, 1900, 1902, 1904, 1919, 1921, 1936, 1961, 1967, 1984, 1986, 1997, 2005, 2080, 2102, 2129, 2150, 2195, 2213, 2223, 2244, 2252, 2286, 2298, 2362, 2431, 2596, 2608, 2642, 2686, 2690, 2741, 2743, 2760, 2805, 2821, 2927, 2937, 2949, 3018, 3024, 3051, 3057, 3087, 3105, 3114, 3121, 3155, 3162, 3164, 3177, 3181, 3184, 3192, 3195, 3200, 3242, 3263, 3274, 3280, 3314, 3326, 3352, 3354, 3363, 3367, 3383, 3390, 3407, 3413, 3427, 3473, 3485, 3493, 3498, 3512, 3522, 3539, 3546, 3579, 3583, 3589, 3624, 3628, 3634, 3643, 3650, 3660, 3675, 3707, 3708, 3728, 3732, 3735, 3754, 3767, 3769, 3776, 3781, 3784, 3787, 3822, 3824, 3842, 3850, 3854, 3907, 3912, 3926, 4039, 4096, 4171, 4181, 4204, 4241, 4285, 4297, 4349, 4352, 4381, 4523, 4563, 4638, 4650, 4676, 4682, 4702, 4742, 4780, 4839, 4873, 4879, 4919, 4931, 4939, 4978
DNA, Partition_26 = 177, 196, 1009, 1025, 1052, 1073, 1085, 1101, 1108, 1117, 1148, 1177, 1186, 1191, 1194, 1199, 1208, 1242, 1247, 1250, 1299, 1323, 1326, 1327, 1364, 1368, 1380, 1389, 1391, 1398, 1411, 1440, 1454, 1496, 1523, 1527, 1530, 1531, 1576, 1639, 1643, 1655, 1686, 1694, 1698, 1711, 1725, 1743, 1751, 1754, 1759, 1767, 1768, 1771, 1787, 1812, 1846, 1848, 1852, 1924, 1929, 1951, 1957, 1960, 1966, 1985, 1988, 1996, 2144, 2153, 2157, 2221, 2232, 2372, 2438, 2528, 2599, 2942, 2986, 3006, 3011, 3013, 3055, 3063, 3073, 3098, 3194, 3206, 3208, 3229, 3260, 3291, 3299, 3302, 3350, 3357, 3360, 3365, 3374, 3381, 3385, 3398, 3411, 3421, 3426, 3454, 3482, 3488, 3510, 3511, 3524, 3528, 3532, 3559, 3560, 3565, 3597, 3599, 3627, 3630, 3633, 3666, 3668, 3685, 3688, 3723, 3725, 3744, 3815, 3828, 3837, 3846, 3847, 3872, 3897, 3953, 3961, 3966, 3995, 4168, 4175, 4252, 4263, 4322, 4332, 4356, 4376, 4385, 4399, 4441, 4481, 4595, 4598, 4603, 4618, 4768, 4786, 4824, 4851, 4855, 4908, 4984
DNA, Partition_27 = 1063, 1077, 1083, 1096, 1100, 1141, 1168, 1175, 1236, 1240, 1280, 1309, 1319, 1329, 1337, 1354, 1367, 1370, 1393, 1394, 1400, 1416, 1428, 1477, 1493, 1495, 1504, 1508, 1509, 1529, 1549, 1569, 1574, 1598, 1612, 1614, 1637, 1656, 1671, 1681, 1693, 1700, 1724, 1740, 1770, 1793, 1807, 1822, 1856, 1885, 1903, 1953, 1974, 2101, 2417, 2513, 2645, 2658, 2761, 2776, 2806, 3045, 3066, 3069, 3084, 3116, 3119, 3153, 3188, 3190, 3228, 3233, 3235, 3248, 3279, 3298, 3315, 3358, 3361, 3371, 3386, 3396, 3400, 3412, 3446, 3459, 3466, 3468, 3471, 3484, 3489, 3519, 3537, 3584, 3592, 3593, 3594, 3619, 3637, 3646, 3652, 3669, 3671, 3694, 3698, 3724, 3733, 3753, 3757, 3780, 3795, 3799, 3801, 3805, 3810, 3935, 3962, 3973, 3978, 3979, 3982, 3987, 3992, 4061, 4082, 4210, 4313, 4359, 4365, 4701, 4714
DNA, Partition_28 = 1015, 1034, 1086, 1088, 1089, 1107, 1115, 1135, 1139, 1151, 1158, 1219, 1244, 1261, 1272, 1275, 1303, 1409, 1420, 1435, 1444, 1463, 1475, 1520, 1528, 1534, 1592, 1600, 1720, 1765, 1788, 1828, 1843, 1869, 1892, 1916, 1925, 1933, 1937, 1944, 1955, 1959, 1993, 2205, 2487, 2492, 2504, 3014, 3038, 3039, 3053, 3082, 3109, 3112, 3127, 3149, 3154, 3182, 3186, 3189, 3209, 3219, 3221, 3222, 3241, 3295, 3323, 3331, 3341, 3345, 3435, 3451, 3474, 3479, 3486, 3491, 3497, 3550, 3551, 3573, 3582, 3690, 3700, 3759, 3775, 3791, 3804, 3816, 3831, 3836, 3873, 3905, 3930, 3947, 3969, 3970, 3972, 3977, 3989, 4121, 4134, 4276, 4305
DNA, Partition_29 = 1008, 1017, 1072, 1081, 1087, 1099, 1131, 1153, 1155, 1159, 1161, 1173, 1178, 1189, 1248, 1266, 1277, 1285, 1292, 1294, 1295, 1346, 1356, 1382, 1387, 1410, 1473, 1505, 1514, 1535, 1559, 1573, 1583, 1603, 1640, 1678, 1691, 1703, 1715, 1723, 1741, 1823, 1853, 1859, 1891, 1898, 1970, 1990, 1995, 2000, 2074, 2088, 2161, 2236, 2338, 2648, 2713, 2782, 3003, 3032, 3080, 3123, 3129, 3144, 3158, 3203, 3217, 3226, 3245, 3246, 3271, 3278, 3296, 3310, 3311, 3330, 3336, 3366, 3380, 3389, 3393, 3428, 3501, 3508, 3513, 3516, 3527, 3529, 3548, 3555, 3563, 3569, 3620, 3656, 3704, 3764, 3843, 3863, 3882, 3900, 3911, 3931, 3949, 3950, 4052, 4086, 4186, 4211, 4287, 4311, 4458, 4671, 4719
DNA, Partition_30 = 1004, 1013, 1018, 1020, 1026, 1029, 1046, 1051, 1057, 1070, 1071, 1075, 1079, 1091, 1097, 1102, 1103, 1109, 1114, 1118, 1128, 1133, 1144, 1147, 1150, 1165, 1166, 1183, 1187, 1188, 1190, 1195, 1197, 1198, 1213, 1226, 1227, 1235, 1237, 1239, 1243, 1268, 1271, 1278, 1279, 1281, 1282, 1283, 1290, 1291, 1293, 1296, 1300, 1308, 1311, 1316, 1318, 1322, 1325, 1333, 1336, 1339, 1340, 1341, 1345, 1348, 1352, 1357, 1361, 1365, 1366, 1369, 1372, 1375, 1376, 1378, 1379, 1395, 1397, 1412, 1414, 1415, 1417, 1418, 1421, 1422, 1424, 1425, 1426, 1431, 1432, 1437, 1438, 1442, 1446, 1448, 1449, 1452, 1464, 1467, 1478, 1487, 1489, 1502, 1513, 1515, 1516, 1517, 1518, 1522, 1540, 1553, 1554, 1558, 1564, 1575, 1578, 1584, 1585, 1589, 1597, 1606, 1607, 1616, 1624, 1626, 1628, 1631, 1634, 1635, 1645, 1647, 1649, 1652, 1659, 1663, 1667, 1675, 1680, 1687, 1688, 1689, 1697, 1699, 1707, 1709, 1712, 1714, 1716, 1721, 1722, 1728, 1729, 1731, 1733, 1737, 1746, 1749, 1750, 1757, 1761, 1773, 1774, 1775, 1776, 1782, 1785, 1786, 1796, 1799, 1801, 1804, 1805, 1816, 1818, 1821, 1833, 1837, 1838, 1839, 1841, 1845, 1847, 1849, 1851, 1854, 1860, 1861, 1864, 1865, 1867, 1868, 1870, 1873, 1875, 1876, 1896, 1901, 1912, 1914, 1917, 1926, 1927, 1938, 1941, 1948, 1954, 1963, 1968, 1981, 1989, 1994, 2051, 2061, 2175, 2207, 2264, 2309, 2538, 2644, 2810, 2872, 2916, 2987, 3002, 3004, 3009, 3010, 3012, 3016, 3020, 3026, 3027, 3029, 3030, 3037, 3040, 3041, 3042, 3044, 3047, 3048, 3054, 3065, 3075, 3077, 3081, 3085, 3089, 3091, 3092, 3100, 3101, 3102, 3107, 3111, 3113, 3120, 3122, 3124, 3133, 3135, 3136, 3137, 3148, 3151, 3152, 3159, 3163, 3168, 3171, 3176, 3178, 3187, 3191, 3193, 3198, 3199, 3202, 3205, 3213, 3214, 3216, 3220, 3224, 3225, 3234, 3255, 3259, 3264, 3266, 3273, 3282, 3288, 3289, 3292, 3293, 3297, 3305, 3307, 3309, 3312, 3316, 3317, 3319, 3327, 3332, 3337, 3340, 3342, 3347, 3348, 3351, 3355, 3356, 3362, 3368, 3375, 3384, 3391, 3395, 3399, 3403, 3408, 3414, 3415, 3419, 3420, 3422, 3436, 3440, 3448, 3452, 3453, 3457, 3460, 3465, 3477, 3487, 3496, 3500, 3504, 3505, 3506, 3507, 3521, 3523, 3526, 3534, 3536, 3538, 3540, 3541, 3543, 3552, 3554, 3556, 3557, 3558, 3567, 3574, 3576, 3577, 3585, 3586, 3587, 3596, 3600, 3603, 3615, 3617, 3618, 3622, 3625, 3631, 3632, 3639, 3640, 3641, 3645, 3654, 3661, 3662, 3663, 3670, 3672, 3673, 3677, 3683, 3697, 3711, 3713, 3715, 3717, 3719, 3726, 3727, 3734, 3741, 3742, 3743, 3748, 3749, 3751, 3752, 3756, 3761, 3762, 3768, 3778, 3790, 3793, 3796, 3798, 3800, 3803, 3819, 3820, 3821, 3826, 3832, 3839, 3841, 3849, 3851, 3852, 3853, 3856, 3859, 3860, 3861, 3862, 3879, 3881, 3884, 3888, 3891, 3892, 3895, 3903, 3909, 3915, 3922, 3924, 3933, 3939, 3941, 3942, 3946, 3951, 3952, 3954, 3956, 3985, 3986, 3994, 3997, 3999, 4437, 4557, 4577, 4593, 4732, 4740, 4838, 4921