Partition output from ratepartitions.py
--Written by Tobias Malm (20121130)

For rate file: 7.rates with 5000 sites!

Manually set dividing factor: 5.0
Partitions calculated according to:
	1st partition: highest rate - ((highest rate - minimum_rate)/(5.0)),
	the remaining as lower boundary rate= upper boundary rate -((upper boundary rate - minimum rate)/(5.0+Partitionnumber*0.3)).
	Last partition created when less than 10% of total characters are left (=500.0 characters).

Rate spread of entire data set (Highest (slowest, 1=invariant) to lowest (fastest) ): Highest: 0.353670734147, lowest: 0.0736313929453, spread: 0.280039341202
Partition_1(1 sites):	Rate-span: 0.353671-0.297663

Partition_2(0 sites):	Rate-span: 0.297663-0.257657

Partition_3(3 sites):	Rate-span: 0.257657-0.226466

Partition_4(4 sites):	Rate-span: 0.226466-0.201816

Partition_5(2 sites):	Rate-span: 0.201816-0.182095

Partition_6(2 sites):	Rate-span: 0.182095-0.166144

Partition_7(6 sites):	Rate-span: 0.166144-0.153114

Partition_8(8 sites):	Rate-span: 0.153114-0.142373

Partition_9(15 sites):	Rate-span: 0.142373-0.133446

Partition_10(16 sites):	Rate-span: 0.133446-0.125969

Partition_11(24 sites):	Rate-span: 0.125969-0.119663

Partition_12(37 sites):	Rate-span: 0.119663-0.114311

Partition_13(39 sites):	Rate-span: 0.114311-0.10974

Partition_14(53 sites):	Rate-span: 0.10974-0.105815

Partition_15(68 sites):	Rate-span: 0.105815-0.102427

Partition_16(159 sites):	Rate-span: 0.102427-0.099489

Partition_17(177 sites):	Rate-span: 0.099489-0.096929

Partition_18(200 sites):	Rate-span: 0.096929-0.094689

Partition_19(260 sites):	Rate-span: 0.094689-0.092721

Partition_20(296 sites):	Rate-span: 0.092721-0.090985

Partition_21(322 sites):	Rate-span: 0.090985-0.08945

Partition_22(380 sites):	Rate-span: 0.08945-0.088086

Partition_23(398 sites):	Rate-span: 0.088086-0.086871

Partition_24(399 sites):	Rate-span: 0.086871-0.085786

Partition_25(405 sites):	Rate-span: 0.085786-0.084814

Partition_26(312 sites):	Rate-span: 0.084814-0.08394

Partition_27(272 sites):	Rate-span: 0.08394-0.083153

Partition_28(218 sites):	Rate-span: 0.083153-0.082443

Partition_29(218 sites):	Rate-span: 0.082443-0.081799

Partition_30(149 sites):	Rate-span: 0.081799-0.081216

Partition_31(129 sites):	Rate-span: 0.081216-0.080686

Partition_32(428 sites):	Rate-span: 0.080686-0.073631



MrBayes style
begin mrbayes;
Charset Partition_1 = 2418;
Charset Partition_3 = 707 2275 2907;
Charset Partition_4 = 875 955 2254 3171;
Charset Partition_5 = 1238 3422;
Charset Partition_6 = 64 2493;
Charset Partition_7 = 283 1056 1953 2530 3091 4161;
Charset Partition_8 = 152 347 1677 2161 3090 3459 3558 4427;
Charset Partition_9 = 453 873 1500 1663 2137 2309 2447 3406 3431 3497 4096 4610 4747 4902 4904;
Charset Partition_10 = 255 296 384 848 1757 1767 1830 2063 2157 2276 2491 2656 3172 3759 3868 4590;
Charset Partition_11 = 72 320 342 441 587 957 1297 1492 1672 1709 1914 2274 2400 2750 2875 3049 3931 4010 4135 4252 4287 4308 4480 4916;
Charset Partition_12 = 191 354 364 692 935 1233 1453 1480 1642 1762 1828 1855 1868 1936 2106 2346 2603 2704 3008 3043 3074 3144 3157 3239 3364 3493 3573 3820 3884 4260 4313 4594 4729 4845 4924 4938 4954;
Charset Partition_13 = 157 232 394 459 553 721 785 937 938 1258 1321 1451 1554 1591 1793 1896 1958 2037 2081 2222 2333 2340 2375 2376 2387 2794 2893 2921 2966 2995 3169 3249 3264 3719 3996 4174 4184 4599 4849;
Charset Partition_14 = 258 365 719 757 810 943 1098 1137 1293 1357 1475 1531 1615 1662 1733 1755 1851 1911 1927 2086 2200 2218 2386 2431 2587 2667 2723 2913 2943 2949 3106 3119 3182 3205 3215 3260 3324 3565 3605 3737 3785 3972 4007 4199 4388 4440 4593 4632 4684 4823 4864 4876 4917;
Charset Partition_15 = 4 140 218 366 376 570 574 629 663 669 689 697 703 928 989 1086 1119 1132 1216 1370 1421 1450 1470 1516 1670 1680 1751 1819 1881 1903 1983 2160 2169 2256 2297 2405 2425 2434 2465 2486 2601 2652 2660 2725 2819 2858 2874 3059 3208 3213 3252 3275 3345 3405 3467 3498 3805 3834 4024 4062 4089 4266 4294 4371 4438 4745 4749 4991;
Charset Partition_16 = 22 24 51 82 90 132 179 182 202 238 337 338 341 413 484 507 661 668 681 683 738 761 821 840 849 881 884 942 977 1055 1157 1176 1213 1222 1276 1331 1358 1371 1393 1410 1458 1481 1518 1520 1564 1656 1745 1782 1803 1838 1840 1875 1892 1905 1912 1921 1948 1963 1996 2049 2054 2066 2100 2140 2149 2153 2167 2273 2311 2435 2452 2462 2539 2562 2566 2628 2651 2689 2709 2718 2751 2763 2804 2931 2961 2983 3018 3026 3079 3149 3150 3179 3183 3194 3199 3287 3291 3363 3391 3393 3399 3419 3469 3502 3524 3530 3532 3597 3622 3664 3720 3727 3731 3804 3902 3915 3926 3958 3986 4025 4106 4109 4125 4164 4173 4272 4274 4284 4289 4290 4345 4455 4476 4479 4482 4503 4505 4508 4515 4579 4580 4692 4694 4705 4708 4730 4751 4813 4870 4890 4896 4915 4921 4928 4931 4949 4965 4988 4999;
Charset Partition_17 = 55 112 115 124 163 200 244 300 322 328 329 393 403 438 541 561 598 618 632 646 736 737 775 797 828 844 886 915 941 948 991 1014 1047 1048 1062 1078 1201 1267 1269 1317 1340 1391 1407 1457 1459 1487 1505 1513 1515 1574 1592 1595 1596 1603 1605 1613 1664 1687 1691 1697 1711 1758 1773 1809 1831 1894 1904 1945 1966 2000 2005 2020 2028 2076 2107 2129 2230 2239 2250 2289 2305 2326 2336 2373 2424 2464 2479 2481 2495 2540 2546 2556 2564 2635 2659 2671 2707 2721 2748 2778 2779 2854 2897 2912 2974 2976 3036 3063 3094 3107 3137 3242 3258 3263 3285 3305 3340 3347 3408 3452 3453 3456 3486 3495 3531 3583 3592 3638 3640 3711 3726 3757 3773 3790 3875 3925 3937 3950 3970 3977 3984 4020 4031 4057 4093 4126 4137 4160 4168 4214 4230 4238 4239 4283 4297 4298 4329 4344 4356 4362 4397 4428 4500 4544 4608 4613 4674 4724 4784 4793 4817 4821 4863 4891 4895 4925 4946;
Charset Partition_18 = 26 109 129 167 212 219 226 235 276 292 326 343 350 353 446 458 521 533 559 564 573 584 613 658 685 691 704 750 816 817 887 899 917 968 988 1009 1013 1045 1083 1105 1153 1175 1188 1215 1225 1226 1268 1294 1298 1300 1308 1325 1369 1397 1398 1399 1467 1503 1522 1524 1565 1580 1584 1593 1598 1624 1671 1690 1725 1747 1772 1800 1827 1849 1873 1956 1964 1965 1989 1998 1999 2009 2042 2050 2061 2073 2092 2096 2119 2141 2156 2179 2205 2219 2227 2245 2295 2298 2318 2341 2350 2355 2360 2471 2488 2517 2555 2567 2586 2590 2640 2654 2655 2661 2668 2682 2701 2805 2809 2872 2890 3003 3031 3038 3064 3069 3118 3165 3168 3191 3200 3206 3226 3229 3261 3273 3296 3308 3323 3353 3441 3454 3475 3482 3520 3570 3600 3601 3603 3628 3666 3746 3756 3835 3851 3853 3855 3900 3969 3988 4044 4053 4072 4074 4076 4120 4159 4205 4226 4232 4277 4286 4310 4333 4360 4368 4398 4401 4413 4421 4464 4506 4513 4518 4571 4572 4612 4614 4654 4658 4661 4740 4829 4865 4872 4887 4898 4906 4939 4952;
Charset Partition_19 = 13 18 25 85 89 98 121 135 145 158 161 174 180 217 251 259 314 333 336 363 370 380 389 431 460 472 474 482 506 532 572 611 622 627 644 665 671 673 740 746 764 771 783 833 834 839 847 870 872 901 903 910 926 929 946 952 965 981 1003 1006 1032 1043 1073 1079 1095 1107 1111 1127 1138 1197 1203 1209 1236 1252 1310 1348 1364 1365 1384 1412 1476 1497 1509 1539 1545 1563 1578 1589 1628 1629 1630 1683 1698 1749 1756 1760 1771 1796 1801 1821 1909 1925 1926 1985 1987 1995 2010 2022 2032 2045 2065 2071 2074 2077 2083 2087 2133 2168 2170 2202 2232 2235 2241 2246 2271 2301 2330 2351 2357 2361 2369 2370 2378 2403 2404 2420 2433 2444 2450 2498 2500 2535 2557 2558 2568 2588 2596 2606 2624 2631 2642 2648 2666 2673 2698 2722 2724 2731 2742 2755 2762 2818 2827 2878 2918 2948 2950 3005 3073 3078 3084 3085 3123 3136 3156 3192 3250 3325 3348 3359 3378 3397 3430 3434 3471 3477 3519 3582 3586 3588 3608 3611 3613 3621 3694 3709 3716 3768 3786 3802 3812 3828 3840 3862 3887 3895 3903 3939 3944 3968 3999 4028 4034 4049 4056 4080 4113 4136 4144 4146 4155 4175 4186 4261 4300 4309 4317 4319 4336 4349 4355 4416 4484 4486 4498 4520 4525 4538 4546 4633 4641 4644 4682 4691 4693 4717 4742 4752 4764 4776 4802 4850 4871 4879 4884 4911 4914 4929 4975 4982;
Charset Partition_20 = 27 33 34 35 74 78 100 134 136 137 144 189 199 246 261 330 332 334 335 349 360 381 383 385 402 434 451 457 489 496 528 539 576 586 594 605 626 686 712 718 725 773 825 859 874 891 895 936 939 964 966 976 1002 1012 1096 1110 1126 1150 1169 1179 1220 1234 1249 1260 1277 1278 1279 1281 1286 1299 1344 1346 1386 1401 1414 1415 1423 1424 1438 1466 1472 1512 1525 1536 1566 1583 1590 1622 1643 1647 1658 1703 1708 1721 1744 1765 1776 1783 1787 1789 1794 1839 1899 1900 1915 1918 2021 2031 2052 2053 2062 2080 2108 2115 2124 2135 2138 2152 2195 2197 2201 2208 2236 2257 2262 2268 2282 2291 2296 2304 2320 2342 2343 2374 2396 2443 2460 2463 2475 2490 2513 2525 2537 2569 2572 2581 2582 2615 2647 2653 2657 2662 2680 2686 2691 2732 2766 2768 2869 2877 2879 2899 2903 2905 2909 2911 2944 2964 2977 2979 2996 3004 3016 3023 3028 3054 3076 3080 3112 3130 3147 3154 3173 3204 3207 3222 3223 3227 3240 3255 3284 3298 3303 3304 3307 3338 3354 3407 3416 3437 3458 3476 3488 3522 3540 3577 3579 3612 3657 3670 3693 3764 3777 3819 3858 3870 3874 3880 3885 3894 3904 3906 3911 3932 3934 3995 4014 4077 4105 4119 4142 4151 4154 4165 4170 4188 4194 4196 4204 4213 4221 4234 4247 4257 4276 4279 4303 4306 4354 4382 4384 4393 4402 4410 4412 4419 4441 4488 4496 4507 4522 4528 4533 4551 4552 4561 4589 4591 4595 4598 4618 4645 4670 4683 4703 4737 4746 4748 4756 4758 4767 4810 4814 4819 4831 4860 4899 4912 4913 4941 4951 4971 4980 4984 4986 4998;
Charset Partition_21 = 12 20 41 42 65 86 133 159 176 177 208 211 225 247 256 306 309 368 400 418 449 454 463 493 494 511 523 525 544 556 563 610 630 636 642 672 688 696 711 717 753 774 781 784 793 796 813 820 824 836 838 864 921 923 932 953 979 983 985 986 987 1008 1017 1023 1039 1046 1058 1068 1071 1077 1084 1091 1092 1142 1144 1154 1172 1174 1180 1187 1211 1224 1240 1250 1285 1292 1315 1323 1345 1351 1374 1387 1388 1400 1403 1411 1436 1445 1449 1488 1491 1506 1514 1551 1553 1611 1617 1621 1636 1646 1651 1699 1722 1732 1738 1746 1748 1750 1775 1795 1805 1806 1824 1883 1908 1935 1937 1949 1950 1952 1970 2006 2014 2027 2030 2041 2082 2095 2097 2120 2126 2158 2162 2187 2191 2220 2224 2248 2265 2269 2280 2294 2302 2310 2319 2322 2324 2348 2379 2389 2394 2401 2414 2441 2476 2478 2482 2505 2549 2552 2560 2571 2573 2575 2608 2616 2619 2620 2633 2638 2641 2670 2675 2713 2714 2717 2734 2736 2739 2740 2743 2760 2765 2789 2799 2823 2826 2833 2846 2862 2873 2902 2928 2941 2951 2975 2992 3014 3035 3040 3055 3070 3087 3140 3153 3177 3181 3197 3248 3266 3299 3321 3326 3333 3365 3413 3449 3479 3491 3504 3526 3535 3539 3547 3550 3552 3554 3575 3639 3687 3692 3696 3705 3712 3743 3749 3765 3766 3811 3817 3824 3857 3865 3882 3897 3901 3918 3927 3928 3929 3942 3952 3961 3966 3971 3990 3991 4003 4027 4038 4052 4068 4071 4095 4110 4114 4152 4208 4215 4216 4231 4258 4267 4331 4389 4414 4420 4424 4425 4434 4445 4450 4470 4471 4483 4509 4511 4521 4566 4575 4581 4602 4639 4647 4653 4657 4659 4741 4750 4761 4773 4774 4782 4790 4799 4807 4812 4853 4855 4861 4874 4974;
Charset Partition_22 = 8 15 19 49 53 92 95 99 103 160 164 181 185 190 224 243 273 290 299 307 316 317 318 324 331 346 372 375 377 392 398 429 477 480 483 485 495 503 508 512 526 577 592 596 615 628 653 654 676 727 731 735 741 786 788 798 812 819 856 858 892 912 947 958 960 971 982 995 998 1007 1015 1028 1030 1052 1066 1074 1102 1103 1109 1122 1135 1145 1148 1173 1186 1195 1217 1223 1229 1231 1254 1262 1271 1284 1287 1289 1326 1332 1333 1338 1341 1359 1362 1366 1367 1383 1418 1429 1435 1440 1454 1461 1463 1471 1494 1508 1521 1528 1548 1558 1586 1588 1599 1631 1632 1635 1648 1659 1674 1675 1692 1695 1715 1739 1761 1764 1780 1797 1804 1820 1823 1825 1826 1859 1869 1880 1889 1913 1969 1973 1981 1992 2023 2029 2046 2058 2067 2101 2109 2113 2114 2116 2192 2196 2216 2226 2237 2247 2270 2312 2316 2338 2347 2353 2359 2395 2409 2417 2454 2459 2461 2470 2527 2531 2544 2599 2604 2610 2614 2625 2626 2636 2678 2715 2726 2730 2741 2767 2775 2788 2798 2813 2816 2828 2837 2851 2929 2933 2935 2942 2969 2982 2987 2988 2990 2994 2998 3000 3015 3017 3030 3041 3053 3081 3089 3093 3097 3109 3113 3115 3116 3135 3211 3246 3251 3276 3279 3289 3300 3334 3341 3342 3343 3351 3355 3395 3402 3420 3421 3436 3439 3461 3472 3483 3492 3499 3501 3513 3538 3544 3545 3572 3587 3590 3596 3607 3617 3644 3647 3652 3653 3676 3678 3684 3690 3710 3717 3721 3732 3734 3736 3740 3742 3747 3748 3771 3776 3782 3814 3837 3838 3844 3848 3850 3871 3908 3910 3923 3924 3935 3945 3954 3964 3980 3992 3998 4009 4013 4037 4039 4050 4063 4066 4107 4118 4162 4179 4192 4203 4218 4229 4249 4262 4291 4304 4314 4320 4322 4341 4343 4350 4358 4375 4377 4380 4386 4387 4395 4431 4439 4442 4443 4465 4468 4495 4502 4504 4556 4563 4564 4574 4600 4609 4611 4634 4667 4676 4679 4688 4701 4720 4721 4725 4739 4787 4797 4825 4833 4851 4868 4875 4877 4881 4894 4905 4918 4944 4945 4958 4989;
Charset Partition_23 = 2 10 30 44 50 54 60 67 73 93 97 102 105 110 118 120 122 151 166 173 188 195 203 214 215 216 220 233 240 245 265 288 305 311 325 358 362 378 390 405 436 456 464 468 479 490 502 514 540 547 560 571 581 600 612 619 620 635 651 657 680 684 690 705 708 728 729 732 733 739 743 762 780 782 802 807 808 809 818 841 850 890 897 925 927 950 961 996 1019 1026 1040 1065 1081 1114 1116 1120 1123 1125 1131 1140 1147 1168 1183 1184 1189 1210 1244 1253 1256 1261 1282 1295 1301 1304 1306 1320 1322 1330 1334 1377 1392 1395 1409 1416 1422 1425 1433 1442 1455 1484 1495 1499 1507 1523 1556 1571 1606 1641 1684 1706 1729 1740 1742 1766 1791 1802 1813 1837 1841 1857 1862 1865 1871 1885 1919 1920 1934 1941 1955 1982 2017 2026 2040 2043 2048 2056 2060 2064 2072 2099 2104 2110 2125 2130 2132 2144 2165 2172 2176 2178 2184 2189 2198 2199 2214 2240 2253 2255 2259 2266 2285 2368 2390 2415 2422 2430 2448 2458 2492 2494 2497 2506 2512 2514 2522 2524 2526 2532 2534 2536 2542 2574 2585 2598 2646 2687 2688 2700 2706 2710 2720 2769 2780 2791 2812 2820 2821 2840 2867 2883 2892 2901 2939 2945 2965 2968 2970 2973 2978 2993 3007 3025 3048 3072 3086 3088 3095 3102 3152 3160 3185 3234 3243 3247 3262 3270 3281 3302 3306 3315 3317 3318 3335 3339 3349 3361 3368 3369 3370 3380 3383 3388 3414 3424 3432 3443 3460 3464 3465 3468 3487 3505 3506 3521 3543 3549 3557 3559 3561 3568 3581 3598 3629 3636 3649 3659 3668 3675 3704 3722 3725 3733 3744 3779 3783 3807 3808 3815 3816 3818 3821 3822 3845 3847 3849 3854 3863 3881 3883 3886 3892 3909 3920 3921 3953 3956 3981 4008 4017 4022 4043 4048 4055 4058 4067 4090 4100 4130 4169 4172 4176 4177 4219 4223 4244 4251 4263 4265 4288 4315 4321 4328 4348 4365 4374 4385 4399 4405 4411 4437 4535 4539 4540 4543 4553 4569 4586 4603 4621 4628 4635 4636 4638 4660 4678 4697 4702 4723 4736 4770 4777 4780 4786 4788 4789 4801 4835 4839 4846 4847 4878 4880 4886 4888 4920 4932 4972 4992;
Charset Partition_24 = 32 46 61 63 69 79 88 106 107 117 142 147 149 184 201 209 231 269 279 297 339 369 424 475 488 500 510 527 530 536 537 585 593 604 624 625 637 639 655 666 667 699 702 714 726 749 754 756 760 772 777 787 791 801 814 835 846 879 894 902 911 918 919 934 963 969 980 1025 1034 1054 1072 1076 1085 1088 1089 1112 1113 1143 1151 1156 1162 1167 1178 1204 1227 1265 1266 1283 1291 1309 1314 1324 1329 1335 1350 1380 1381 1389 1396 1404 1406 1408 1432 1474 1486 1490 1498 1502 1504 1517 1533 1557 1570 1575 1576 1608 1612 1616 1634 1638 1660 1673 1700 1712 1719 1730 1763 1774 1777 1799 1833 1835 1847 1850 1856 1867 1872 1877 1884 1886 1887 1890 1893 1895 1898 1901 1910 1931 1954 1960 1962 1968 1984 2001 2004 2016 2044 2098 2103 2136 2143 2151 2166 2177 2180 2181 2194 2206 2221 2225 2229 2233 2242 2244 2251 2287 2300 2303 2344 2356 2371 2377 2383 2392 2399 2410 2423 2436 2469 2474 2487 2509 2516 2547 2561 2563 2594 2595 2607 2613 2617 2618 2639 2644 2664 2677 2694 2705 2719 2729 2744 2746 2752 2787 2807 2815 2822 2830 2831 2844 2848 2849 2868 2882 2884 2886 2891 2895 2916 2930 2938 2957 2960 2984 2989 3042 3047 3050 3060 3061 3075 3077 3082 3083 3122 3134 3141 3145 3155 3163 3164 3180 3189 3190 3193 3210 3216 3231 3245 3253 3259 3274 3280 3293 3328 3336 3352 3356 3377 3379 3390 3392 3396 3404 3409 3410 3429 3438 3463 3484 3511 3537 3541 3562 3571 3576 3589 3595 3599 3610 3616 3632 3633 3661 3671 3673 3679 3682 3698 3707 3713 3752 3787 3789 3791 3800 3803 3825 3829 3833 3846 3856 3864 3867 3872 3896 3938 3948 3951 3973 3978 3989 4016 4030 4032 4033 4045 4092 4094 4122 4139 4145 4157 4190 4193 4197 4207 4209 4256 4269 4271 4293 4295 4338 4339 4346 4352 4359 4364 4373 4390 4392 4406 4407 4409 4426 4432 4449 4451 4460 4466 4467 4477 4490 4499 4537 4542 4545 4555 4559 4585 4601 4619 4646 4648 4651 4652 4671 4698 4711 4712 4713 4718 4719 4728 4778 4785 4795 4806 4828 4848 4852 4873 4919 4934 4935 4973 4985 4995;
Charset Partition_25 = 6 31 40 45 70 76 77 83 87 104 111 126 128 155 156 169 175 210 222 228 236 254 264 268 278 280 313 351 373 382 414 417 422 426 437 439 445 447 450 462 476 519 524 543 545 555 582 583 588 589 590 607 608 616 638 641 675 706 713 755 792 799 803 805 823 826 829 831 843 863 866 877 889 898 909 940 962 994 999 1004 1010 1018 1021 1027 1029 1031 1033 1038 1042 1050 1069 1082 1094 1097 1099 1118 1128 1146 1160 1164 1181 1199 1200 1202 1212 1214 1221 1228 1245 1246 1255 1264 1273 1311 1313 1316 1319 1328 1342 1352 1361 1363 1376 1382 1428 1431 1437 1441 1456 1496 1501 1532 1546 1547 1569 1572 1573 1582 1620 1625 1639 1653 1667 1679 1686 1688 1693 1696 1713 1741 1769 1792 1811 1822 1846 1860 1866 1897 1928 1947 1977 1988 1991 2002 2008 2035 2079 2111 2123 2127 2128 2134 2146 2147 2175 2204 2228 2231 2243 2252 2279 2293 2299 2308 2323 2334 2385 2397 2398 2407 2427 2429 2437 2445 2457 2466 2519 2523 2528 2529 2545 2548 2551 2583 2609 2612 2632 2643 2674 2690 2692 2737 2753 2771 2792 2800 2801 2806 2832 2834 2839 2845 2855 2859 2863 2880 2904 2922 2925 2927 2932 2936 2937 2946 2952 2959 2962 2980 2999 3002 3012 3013 3020 3022 3032 3044 3051 3062 3092 3096 3126 3131 3138 3143 3148 3170 3174 3187 3196 3203 3214 3236 3257 3278 3314 3316 3322 3327 3350 3357 3367 3374 3376 3382 3394 3400 3403 3412 3423 3427 3462 3518 3533 3534 3564 3567 3591 3602 3626 3631 3635 3637 3667 3695 3697 3699 3700 3708 3714 3715 3718 3730 3763 3793 3795 3796 3832 3898 3907 3936 3946 3949 3955 3957 3975 3987 3997 4035 4036 4051 4059 4075 4078 4081 4108 4116 4117 4129 4131 4140 4148 4150 4166 4180 4181 4182 4183 4200 4224 4227 4236 4248 4250 4264 4280 4296 4301 4305 4323 4332 4335 4337 4340 4351 4353 4370 4376 4394 4403 4433 4454 4458 4459 4461 4462 4481 4487 4527 4534 4570 4576 4597 4604 4605 4607 4616 4622 4672 4677 4685 4709 4714 4733 4755 4765 4769 4775 4791 4808 4830 4838 4840 4883 4893 4901 4903 4910 4922 4936 4942 4956 4977 4979 4990 4994;
Charset Partition_26 = 39 56 143 168 196 242 253 257 284 286 291 295 312 319 327 352 361 371 388 396 397 399 401 416 421 433 444 465 470 473 486 487 497 501 504 520 531 542 546 548 549 552 562 568 569 623 677 678 687 693 698 716 758 763 811 845 854 857 860 867 871 878 883 930 945 954 959 970 978 992 997 1036 1037 1049 1060 1104 1115 1134 1136 1152 1163 1166 1190 1192 1194 1230 1241 1247 1248 1263 1272 1280 1303 1339 1349 1353 1372 1405 1420 1535 1538 1541 1542 1549 1552 1561 1594 1604 1607 1619 1655 1665 1678 1685 1689 1707 1716 1720 1728 1731 1734 1737 1768 1779 1784 1786 1816 1832 1834 1848 1853 1870 1876 1879 1902 1922 1923 1929 1932 1938 1946 1961 1986 2019 2025 2033 2036 2088 2090 2121 2154 2155 2188 2210 2223 2284 2288 2327 2419 2421 2451 2453 2480 2485 2501 2502 2503 2520 2521 2579 2584 2602 2645 2650 2658 2665 2679 2683 2684 2697 2703 2716 2759 2773 2782 2790 2795 2796 2797 2802 2803 2829 2838 2857 2885 2887 2896 2908 2920 2924 2926 2954 2972 3046 3056 3068 3104 3108 3121 3124 3125 3146 3161 3175 3188 3195 3198 3230 3265 3271 3292 3294 3344 3372 3375 3387 3447 3466 3474 3500 3512 3516 3517 3528 3529 3553 3574 3625 3646 3648 3665 3681 3689 3701 3758 3760 3762 3772 3775 3780 3788 3798 3801 3827 3839 3866 3878 3891 3919 3930 3940 3947 3959 3962 3967 4001 4019 4042 4082 4103 4123 4133 4147 4153 4178 4187 4211 4240 4242 4299 4316 4367 4383 4453 4474 4491 4532 4541 4548 4550 4578 4606 4627 4629 4640 4663 4666 4669 4686 4687 4695 4716 4818 4844 4862 4897 4926 4937 4959 4964 4970 4983;
Charset Partition_27 = 16 47 113 125 131 170 178 194 197 206 213 267 274 275 289 321 323 345 367 404 407 409 411 415 435 498 513 529 538 551 554 566 591 597 599 602 606 648 650 670 674 695 790 832 842 853 885 888 896 908 924 951 990 1044 1061 1090 1100 1106 1108 1117 1129 1130 1133 1141 1149 1185 1257 1274 1290 1302 1375 1378 1426 1427 1447 1468 1477 1530 1544 1560 1577 1618 1627 1657 1701 1723 1727 1770 1781 1785 1790 1808 1843 1844 1852 1854 1863 1864 1916 1930 1933 1940 1942 1976 1990 1993 2055 2102 2105 2163 2164 2174 2183 2190 2203 2207 2213 2258 2260 2267 2278 2286 2290 2314 2315 2358 2366 2408 2411 2440 2468 2496 2507 2533 2550 2565 2576 2578 2589 2605 2621 2622 2637 2728 2754 2764 2786 2810 2811 2853 2876 2889 2906 2923 2955 2991 3027 3033 3039 3052 3111 3117 3158 3159 3167 3221 3228 3232 3244 3269 3283 3286 3288 3295 3319 3332 3337 3366 3415 3417 3450 3451 3508 3509 3510 3514 3523 3548 3556 3566 3615 3619 3627 3630 3641 3658 3674 3677 3688 3691 3738 3739 3769 3770 3774 3794 3888 3889 3890 3893 3933 3943 3960 3974 3982 3985 3993 3994 4005 4011 4015 4023 4054 4069 4115 4134 4156 4158 4195 4206 4217 4228 4246 4275 4278 4325 4327 4330 4342 4357 4363 4366 4369 4436 4497 4517 4529 4554 4560 4565 4582 4584 4588 4615 4655 4680 4689 4699 4700 4727 4744 4759 4811 4843 4908 4909 4927 4940 4955 4960 4966 4997;
Charset Partition_28 = 23 43 119 141 162 204 227 229 315 340 344 357 387 412 425 430 469 492 505 516 534 595 617 649 664 701 709 710 744 747 768 769 770 794 800 827 876 905 933 967 975 984 1000 1020 1087 1101 1159 1171 1207 1242 1296 1305 1307 1337 1347 1413 1444 1519 1526 1543 1568 1600 1610 1633 1652 1669 1681 1724 1752 1836 1888 1907 1924 1971 1997 2003 2011 2068 2112 2118 2139 2142 2145 2150 2173 2185 2217 2307 2313 2321 2328 2335 2337 2345 2354 2367 2382 2391 2416 2446 2456 2477 2504 2597 2623 2634 2649 2696 2699 2702 2711 2777 2781 2808 2847 2850 2864 2915 2947 2953 2963 2971 2986 3001 3006 3071 3103 3110 3127 3151 3176 3209 3212 3309 3310 3320 3371 3384 3455 3481 3485 3489 3507 3525 3551 3604 3618 3620 3650 3669 3723 3724 3792 3809 3813 3830 3841 3859 3912 3922 3941 3979 4041 4047 4070 4084 4085 4104 4124 4127 4132 4220 4233 4245 4268 4273 4281 4292 4312 4379 4417 4435 4444 4447 4448 4457 4485 4489 4516 4526 4547 4562 4573 4583 4643 4649 4656 4664 4665 4696 4731 4732 4762 4792 4794 4798 4803 4805 4834 4837 4859 4885 4889 4900 4961 4962 4967 4993;
Charset Partition_29 = 1 9 75 91 108 130 138 139 150 153 183 186 192 198 207 234 237 239 241 260 293 304 359 379 406 408 423 428 432 499 509 558 567 579 621 631 640 652 722 742 752 778 789 815 880 882 900 904 906 916 956 993 1016 1057 1063 1064 1121 1124 1161 1205 1259 1318 1336 1368 1419 1434 1439 1452 1460 1462 1469 1493 1527 1609 1644 1661 1682 1710 1714 1735 1753 1778 1815 1817 1845 1858 1874 1972 1978 2013 2024 2034 2038 2047 2057 2078 2148 2186 2209 2234 2249 2263 2277 2281 2283 2352 2381 2406 2412 2413 2455 2472 2483 2543 2600 2672 2738 2776 2824 2835 2860 2900 2914 2917 2940 2958 3009 3021 3057 3065 3099 3100 3186 3219 3267 3282 3297 3311 3331 3346 3360 3381 3418 3435 3440 3448 3503 3515 3536 3542 3563 3609 3623 3642 3645 3683 3686 3741 3750 3753 3754 3826 3836 3842 3843 3869 3873 3914 4021 4060 4064 4099 4111 4141 4143 4167 4189 4237 4254 4318 4347 4372 4423 4430 4473 4475 4492 4512 4519 4536 4558 4596 4617 4623 4642 4650 4668 4675 4681 4690 4715 4726 4738 4763 4781 4800 4832 4841 4866 4882 4923 4930 4943 4957 4963 4968 4976 4981;
Charset Partition_30 = 7 37 123 171 205 230 250 270 271 303 395 440 466 481 491 515 518 565 634 647 682 723 724 766 804 851 862 907 913 1041 1053 1080 1158 1198 1219 1243 1288 1343 1464 1478 1479 1537 1540 1550 1559 1567 1579 1585 1623 1626 1666 1717 1798 1814 1944 1974 1979 2015 2070 2094 2122 2131 2182 2238 2261 2384 2402 2438 2511 2591 2695 2758 2774 2783 2871 2881 2888 2894 2919 2956 2981 3019 3067 3098 3114 3120 3162 3184 3224 3235 3238 3256 3268 3290 3330 3358 3362 3428 3433 3580 3593 3594 3606 3643 3651 3655 3660 3702 3735 3751 3810 3823 3831 3852 3860 3916 3976 4040 4079 4121 4210 4212 4241 4243 4270 4391 4408 4446 4456 4514 4530 4531 4557 4567 4620 4626 4631 4753 4766 4772 4826 4836 4857 4867 4869 4892 4933 4947 4987;
Charset Partition_31 = 14 38 66 80 84 148 165 221 223 266 272 287 302 310 374 410 420 442 443 467 478 522 580 645 662 700 759 776 779 861 914 972 973 974 1011 1182 1208 1251 1275 1312 1356 1360 1373 1465 1489 1510 1555 1581 1597 1601 1704 1705 1736 1788 1878 1994 2018 2075 2272 2329 2362 2363 2365 2372 2426 2428 2449 2541 2570 2580 2676 2756 2772 2784 2817 2852 2856 2866 2910 2934 3045 3133 3237 3313 3425 3426 3478 3527 3703 3729 3879 4004 4018 4029 4086 4087 4101 4149 4202 4222 4235 4253 4255 4326 4378 4381 4404 4418 4422 4429 4478 4493 4510 4523 4587 4592 4625 4630 4673 4704 4710 4760 4771 4779 4796 4809 4827 4856 4996;
Charset Partition_32 = 3 5 11 17 21 28 29 36 48 52 57 58 59 62 68 71 81 94 96 101 114 116 127 146 154 172 187 193 248 249 252 262 263 277 281 282 285 294 298 301 308 348 355 356 386 391 419 427 448 452 455 461 471 517 535 550 557 575 578 601 603 609 614 633 643 656 659 660 679 694 715 720 730 734 745 748 751 765 767 795 806 822 830 837 852 855 865 868 869 893 920 922 931 944 949 1001 1005 1022 1024 1035 1051 1059 1067 1070 1075 1093 1139 1155 1165 1170 1177 1191 1193 1196 1206 1218 1232 1235 1237 1239 1270 1327 1354 1355 1379 1385 1390 1394 1402 1417 1430 1443 1446 1448 1473 1482 1483 1485 1511 1529 1534 1562 1587 1602 1614 1637 1640 1645 1649 1650 1654 1668 1676 1694 1702 1718 1726 1743 1754 1759 1807 1810 1812 1818 1829 1842 1861 1882 1891 1906 1917 1939 1943 1951 1957 1959 1967 1975 1980 2007 2012 2039 2051 2059 2069 2084 2085 2089 2091 2093 2117 2159 2171 2193 2211 2212 2215 2264 2292 2306 2317 2325 2331 2332 2339 2349 2364 2380 2388 2393 2432 2439 2442 2467 2473 2484 2489 2499 2508 2510 2515 2518 2538 2553 2554 2559 2577 2592 2593 2611 2627 2629 2630 2663 2669 2681 2685 2693 2708 2712 2727 2733 2735 2745 2747 2749 2757 2761 2770 2785 2793 2814 2825 2836 2841 2842 2843 2861 2865 2870 2898 2967 2985 2997 3010 3011 3024 3029 3034 3037 3058 3066 3101 3105 3128 3129 3132 3139 3142 3166 3178 3201 3202 3217 3218 3220 3225 3233 3241 3254 3272 3277 3301 3312 3329 3373 3385 3386 3389 3398 3401 3411 3442 3444 3445 3446 3457 3470 3473 3480 3490 3494 3496 3546 3555 3560 3569 3578 3584 3585 3614 3624 3634 3654 3656 3662 3663 3672 3680 3685 3706 3728 3745 3755 3761 3767 3778 3781 3784 3797 3799 3806 3861 3876 3877 3899 3905 3913 3917 3963 3965 3983 4000 4002 4006 4012 4026 4046 4061 4065 4073 4083 4088 4091 4097 4098 4102 4112 4128 4138 4163 4171 4185 4191 4198 4201 4225 4259 4282 4285 4302 4307 4311 4324 4334 4361 4396 4400 4415 4452 4463 4469 4472 4494 4501 4524 4549 4568 4577 4624 4637 4662 4706 4707 4722 4734 4735 4743 4754 4757 4768 4783 4804 4815 4816 4820 4822 4824 4842 4854 4858 4907 4948 4950 4953 4969 4978 5000;
partition Partitions = 32: Partition_1, Partition_2, Partition_3, Partition_4, Partition_5, Partition_6, Partition_7, Partition_8, Partition_9, Partition_10, Partition_11, Partition_12, Partition_13, Partition_14, Partition_15, Partition_16, Partition_17, Partition_18, Partition_19, Partition_20, Partition_21, Partition_22, Partition_23, Partition_24, Partition_25, Partition_26, Partition_27, Partition_28, Partition_29, Partition_30, Partition_31, Partition_32;
set partition = Partitions;


PHYLIP  style
DNA, Partition_1 = 2418
DNA, Partition_3 = 707, 2275, 2907
DNA, Partition_4 = 875, 955, 2254, 3171
DNA, Partition_5 = 1238, 3422
DNA, Partition_6 = 64, 2493
DNA, Partition_7 = 283, 1056, 1953, 2530, 3091, 4161
DNA, Partition_8 = 152, 347, 1677, 2161, 3090, 3459, 3558, 4427
DNA, Partition_9 = 453, 873, 1500, 1663, 2137, 2309, 2447, 3406, 3431, 3497, 4096, 4610, 4747, 4902, 4904
DNA, Partition_10 = 255, 296, 384, 848, 1757, 1767, 1830, 2063, 2157, 2276, 2491, 2656, 3172, 3759, 3868, 4590
DNA, Partition_11 = 72, 320, 342, 441, 587, 957, 1297, 1492, 1672, 1709, 1914, 2274, 2400, 2750, 2875, 3049, 3931, 4010, 4135, 4252, 4287, 4308, 4480, 4916
DNA, Partition_12 = 191, 354, 364, 692, 935, 1233, 1453, 1480, 1642, 1762, 1828, 1855, 1868, 1936, 2106, 2346, 2603, 2704, 3008, 3043, 3074, 3144, 3157, 3239, 3364, 3493, 3573, 3820, 3884, 4260, 4313, 4594, 4729, 4845, 4924, 4938, 4954
DNA, Partition_13 = 157, 232, 394, 459, 553, 721, 785, 937, 938, 1258, 1321, 1451, 1554, 1591, 1793, 1896, 1958, 2037, 2081, 2222, 2333, 2340, 2375, 2376, 2387, 2794, 2893, 2921, 2966, 2995, 3169, 3249, 3264, 3719, 3996, 4174, 4184, 4599, 4849
DNA, Partition_14 = 258, 365, 719, 757, 810, 943, 1098, 1137, 1293, 1357, 1475, 1531, 1615, 1662, 1733, 1755, 1851, 1911, 1927, 2086, 2200, 2218, 2386, 2431, 2587, 2667, 2723, 2913, 2943, 2949, 3106, 3119, 3182, 3205, 3215, 3260, 3324, 3565, 3605, 3737, 3785, 3972, 4007, 4199, 4388, 4440, 4593, 4632, 4684, 4823, 4864, 4876, 4917
DNA, Partition_15 = 4, 140, 218, 366, 376, 570, 574, 629, 663, 669, 689, 697, 703, 928, 989, 1086, 1119, 1132, 1216, 1370, 1421, 1450, 1470, 1516, 1670, 1680, 1751, 1819, 1881, 1903, 1983, 2160, 2169, 2256, 2297, 2405, 2425, 2434, 2465, 2486, 2601, 2652, 2660, 2725, 2819, 2858, 2874, 3059, 3208, 3213, 3252, 3275, 3345, 3405, 3467, 3498, 3805, 3834, 4024, 4062, 4089, 4266, 4294, 4371, 4438, 4745, 4749, 4991
DNA, Partition_16 = 22, 24, 51, 82, 90, 132, 179, 182, 202, 238, 337, 338, 341, 413, 484, 507, 661, 668, 681, 683, 738, 761, 821, 840, 849, 881, 884, 942, 977, 1055, 1157, 1176, 1213, 1222, 1276, 1331, 1358, 1371, 1393, 1410, 1458, 1481, 1518, 1520, 1564, 1656, 1745, 1782, 1803, 1838, 1840, 1875, 1892, 1905, 1912, 1921, 1948, 1963, 1996, 2049, 2054, 2066, 2100, 2140, 2149, 2153, 2167, 2273, 2311, 2435, 2452, 2462, 2539, 2562, 2566, 2628, 2651, 2689, 2709, 2718, 2751, 2763, 2804, 2931, 2961, 2983, 3018, 3026, 3079, 3149, 3150, 3179, 3183, 3194, 3199, 3287, 3291, 3363, 3391, 3393, 3399, 3419, 3469, 3502, 3524, 3530, 3532, 3597, 3622, 3664, 3720, 3727, 3731, 3804, 3902, 3915, 3926, 3958, 3986, 4025, 4106, 4109, 4125, 4164, 4173, 4272, 4274, 4284, 4289, 4290, 4345, 4455, 4476, 4479, 4482, 4503, 4505, 4508, 4515, 4579, 4580, 4692, 4694, 4705, 4708, 4730, 4751, 4813, 4870, 4890, 4896, 4915, 4921, 4928, 4931, 4949, 4965, 4988, 4999
DNA, Partition_17 = 55, 112, 115, 124, 163, 200, 244, 300, 322, 328, 329, 393, 403, 438, 541, 561, 598, 618, 632, 646, 736, 737, 775, 797, 828, 844, 886, 915, 941, 948, 991, 1014, 1047, 1048, 1062, 1078, 1201, 1267, 1269, 1317, 1340, 1391, 1407, 1457, 1459, 1487, 1505, 1513, 1515, 1574, 1592, 1595, 1596, 1603, 1605, 1613, 1664, 1687, 1691, 1697, 1711, 1758, 1773, 1809, 1831, 1894, 1904, 1945, 1966, 2000, 2005, 2020, 2028, 2076, 2107, 2129, 2230, 2239, 2250, 2289, 2305, 2326, 2336, 2373, 2424, 2464, 2479, 2481, 2495, 2540, 2546, 2556, 2564, 2635, 2659, 2671, 2707, 2721, 2748, 2778, 2779, 2854, 2897, 2912, 2974, 2976, 3036, 3063, 3094, 3107, 3137, 3242, 3258, 3263, 3285, 3305, 3340, 3347, 3408, 3452, 3453, 3456, 3486, 3495, 3531, 3583, 3592, 3638, 3640, 3711, 3726, 3757, 3773, 3790, 3875, 3925, 3937, 3950, 3970, 3977, 3984, 4020, 4031, 4057, 4093, 4126, 4137, 4160, 4168, 4214, 4230, 4238, 4239, 4283, 4297, 4298, 4329, 4344, 4356, 4362, 4397, 4428, 4500, 4544, 4608, 4613, 4674, 4724, 4784, 4793, 4817, 4821, 4863, 4891, 4895, 4925, 4946
DNA, Partition_18 = 26, 109, 129, 167, 212, 219, 226, 235, 276, 292, 326, 343, 350, 353, 446, 458, 521, 533, 559, 564, 573, 584, 613, 658, 685, 691, 704, 750, 816, 817, 887, 899, 917, 968, 988, 1009, 1013, 1045, 1083, 1105, 1153, 1175, 1188, 1215, 1225, 1226, 1268, 1294, 1298, 1300, 1308, 1325, 1369, 1397, 1398, 1399, 1467, 1503, 1522, 1524, 1565, 1580, 1584, 1593, 1598, 1624, 1671, 1690, 1725, 1747, 1772, 1800, 1827, 1849, 1873, 1956, 1964, 1965, 1989, 1998, 1999, 2009, 2042, 2050, 2061, 2073, 2092, 2096, 2119, 2141, 2156, 2179, 2205, 2219, 2227, 2245, 2295, 2298, 2318, 2341, 2350, 2355, 2360, 2471, 2488, 2517, 2555, 2567, 2586, 2590, 2640, 2654, 2655, 2661, 2668, 2682, 2701, 2805, 2809, 2872, 2890, 3003, 3031, 3038, 3064, 3069, 3118, 3165, 3168, 3191, 3200, 3206, 3226, 3229, 3261, 3273, 3296, 3308, 3323, 3353, 3441, 3454, 3475, 3482, 3520, 3570, 3600, 3601, 3603, 3628, 3666, 3746, 3756, 3835, 3851, 3853, 3855, 3900, 3969, 3988, 4044, 4053, 4072, 4074, 4076, 4120, 4159, 4205, 4226, 4232, 4277, 4286, 4310, 4333, 4360, 4368, 4398, 4401, 4413, 4421, 4464, 4506, 4513, 4518, 4571, 4572, 4612, 4614, 4654, 4658, 4661, 4740, 4829, 4865, 4872, 4887, 4898, 4906, 4939, 4952
DNA, Partition_19 = 13, 18, 25, 85, 89, 98, 121, 135, 145, 158, 161, 174, 180, 217, 251, 259, 314, 333, 336, 363, 370, 380, 389, 431, 460, 472, 474, 482, 506, 532, 572, 611, 622, 627, 644, 665, 671, 673, 740, 746, 764, 771, 783, 833, 834, 839, 847, 870, 872, 901, 903, 910, 926, 929, 946, 952, 965, 981, 1003, 1006, 1032, 1043, 1073, 1079, 1095, 1107, 1111, 1127, 1138, 1197, 1203, 1209, 1236, 1252, 1310, 1348, 1364, 1365, 1384, 1412, 1476, 1497, 1509, 1539, 1545, 1563, 1578, 1589, 1628, 1629, 1630, 1683, 1698, 1749, 1756, 1760, 1771, 1796, 1801, 1821, 1909, 1925, 1926, 1985, 1987, 1995, 2010, 2022, 2032, 2045, 2065, 2071, 2074, 2077, 2083, 2087, 2133, 2168, 2170, 2202, 2232, 2235, 2241, 2246, 2271, 2301, 2330, 2351, 2357, 2361, 2369, 2370, 2378, 2403, 2404, 2420, 2433, 2444, 2450, 2498, 2500, 2535, 2557, 2558, 2568, 2588, 2596, 2606, 2624, 2631, 2642, 2648, 2666, 2673, 2698, 2722, 2724, 2731, 2742, 2755, 2762, 2818, 2827, 2878, 2918, 2948, 2950, 3005, 3073, 3078, 3084, 3085, 3123, 3136, 3156, 3192, 3250, 3325, 3348, 3359, 3378, 3397, 3430, 3434, 3471, 3477, 3519, 3582, 3586, 3588, 3608, 3611, 3613, 3621, 3694, 3709, 3716, 3768, 3786, 3802, 3812, 3828, 3840, 3862, 3887, 3895, 3903, 3939, 3944, 3968, 3999, 4028, 4034, 4049, 4056, 4080, 4113, 4136, 4144, 4146, 4155, 4175, 4186, 4261, 4300, 4309, 4317, 4319, 4336, 4349, 4355, 4416, 4484, 4486, 4498, 4520, 4525, 4538, 4546, 4633, 4641, 4644, 4682, 4691, 4693, 4717, 4742, 4752, 4764, 4776, 4802, 4850, 4871, 4879, 4884, 4911, 4914, 4929, 4975, 4982
DNA, Partition_20 = 27, 33, 34, 35, 74, 78, 100, 134, 136, 137, 144, 189, 199, 246, 261, 330, 332, 334, 335, 349, 360, 381, 383, 385, 402, 434, 451, 457, 489, 496, 528, 539, 576, 586, 594, 605, 626, 686, 712, 718, 725, 773, 825, 859, 874, 891, 895, 936, 939, 964, 966, 976, 1002, 1012, 1096, 1110, 1126, 1150, 1169, 1179, 1220, 1234, 1249, 1260, 1277, 1278, 1279, 1281, 1286, 1299, 1344, 1346, 1386, 1401, 1414, 1415, 1423, 1424, 1438, 1466, 1472, 1512, 1525, 1536, 1566, 1583, 1590, 1622, 1643, 1647, 1658, 1703, 1708, 1721, 1744, 1765, 1776, 1783, 1787, 1789, 1794, 1839, 1899, 1900, 1915, 1918, 2021, 2031, 2052, 2053, 2062, 2080, 2108, 2115, 2124, 2135, 2138, 2152, 2195, 2197, 2201, 2208, 2236, 2257, 2262, 2268, 2282, 2291, 2296, 2304, 2320, 2342, 2343, 2374, 2396, 2443, 2460, 2463, 2475, 2490, 2513, 2525, 2537, 2569, 2572, 2581, 2582, 2615, 2647, 2653, 2657, 2662, 2680, 2686, 2691, 2732, 2766, 2768, 2869, 2877, 2879, 2899, 2903, 2905, 2909, 2911, 2944, 2964, 2977, 2979, 2996, 3004, 3016, 3023, 3028, 3054, 3076, 3080, 3112, 3130, 3147, 3154, 3173, 3204, 3207, 3222, 3223, 3227, 3240, 3255, 3284, 3298, 3303, 3304, 3307, 3338, 3354, 3407, 3416, 3437, 3458, 3476, 3488, 3522, 3540, 3577, 3579, 3612, 3657, 3670, 3693, 3764, 3777, 3819, 3858, 3870, 3874, 3880, 3885, 3894, 3904, 3906, 3911, 3932, 3934, 3995, 4014, 4077, 4105, 4119, 4142, 4151, 4154, 4165, 4170, 4188, 4194, 4196, 4204, 4213, 4221, 4234, 4247, 4257, 4276, 4279, 4303, 4306, 4354, 4382, 4384, 4393, 4402, 4410, 4412, 4419, 4441, 4488, 4496, 4507, 4522, 4528, 4533, 4551, 4552, 4561, 4589, 4591, 4595, 4598, 4618, 4645, 4670, 4683, 4703, 4737, 4746, 4748, 4756, 4758, 4767, 4810, 4814, 4819, 4831, 4860, 4899, 4912, 4913, 4941, 4951, 4971, 4980, 4984, 4986, 4998
DNA, Partition_21 = 12, 20, 41, 42, 65, 86, 133, 159, 176, 177, 208, 211, 225, 247, 256, 306, 309, 368, 400, 418, 449, 454, 463, 493, 494, 511, 523, 525, 544, 556, 563, 610, 630, 636, 642, 672, 688, 696, 711, 717, 753, 774, 781, 784, 793, 796, 813, 820, 824, 836, 838, 864, 921, 923, 932, 953, 979, 983, 985, 986, 987, 1008, 1017, 1023, 1039, 1046, 1058, 1068, 1071, 1077, 1084, 1091, 1092, 1142, 1144, 1154, 1172, 1174, 1180, 1187, 1211, 1224, 1240, 1250, 1285, 1292, 1315, 1323, 1345, 1351, 1374, 1387, 1388, 1400, 1403, 1411, 1436, 1445, 1449, 1488, 1491, 1506, 1514, 1551, 1553, 1611, 1617, 1621, 1636, 1646, 1651, 1699, 1722, 1732, 1738, 1746, 1748, 1750, 1775, 1795, 1805, 1806, 1824, 1883, 1908, 1935, 1937, 1949, 1950, 1952, 1970, 2006, 2014, 2027, 2030, 2041, 2082, 2095, 2097, 2120, 2126, 2158, 2162, 2187, 2191, 2220, 2224, 2248, 2265, 2269, 2280, 2294, 2302, 2310, 2319, 2322, 2324, 2348, 2379, 2389, 2394, 2401, 2414, 2441, 2476, 2478, 2482, 2505, 2549, 2552, 2560, 2571, 2573, 2575, 2608, 2616, 2619, 2620, 2633, 2638, 2641, 2670, 2675, 2713, 2714, 2717, 2734, 2736, 2739, 2740, 2743, 2760, 2765, 2789, 2799, 2823, 2826, 2833, 2846, 2862, 2873, 2902, 2928, 2941, 2951, 2975, 2992, 3014, 3035, 3040, 3055, 3070, 3087, 3140, 3153, 3177, 3181, 3197, 3248, 3266, 3299, 3321, 3326, 3333, 3365, 3413, 3449, 3479, 3491, 3504, 3526, 3535, 3539, 3547, 3550, 3552, 3554, 3575, 3639, 3687, 3692, 3696, 3705, 3712, 3743, 3749, 3765, 3766, 3811, 3817, 3824, 3857, 3865, 3882, 3897, 3901, 3918, 3927, 3928, 3929, 3942, 3952, 3961, 3966, 3971, 3990, 3991, 4003, 4027, 4038, 4052, 4068, 4071, 4095, 4110, 4114, 4152, 4208, 4215, 4216, 4231, 4258, 4267, 4331, 4389, 4414, 4420, 4424, 4425, 4434, 4445, 4450, 4470, 4471, 4483, 4509, 4511, 4521, 4566, 4575, 4581, 4602, 4639, 4647, 4653, 4657, 4659, 4741, 4750, 4761, 4773, 4774, 4782, 4790, 4799, 4807, 4812, 4853, 4855, 4861, 4874, 4974
DNA, Partition_22 = 8, 15, 19, 49, 53, 92, 95, 99, 103, 160, 164, 181, 185, 190, 224, 243, 273, 290, 299, 307, 316, 317, 318, 324, 331, 346, 372, 375, 377, 392, 398, 429, 477, 480, 483, 485, 495, 503, 508, 512, 526, 577, 592, 596, 615, 628, 653, 654, 676, 727, 731, 735, 741, 786, 788, 798, 812, 819, 856, 858, 892, 912, 947, 958, 960, 971, 982, 995, 998, 1007, 1015, 1028, 1030, 1052, 1066, 1074, 1102, 1103, 1109, 1122, 1135, 1145, 1148, 1173, 1186, 1195, 1217, 1223, 1229, 1231, 1254, 1262, 1271, 1284, 1287, 1289, 1326, 1332, 1333, 1338, 1341, 1359, 1362, 1366, 1367, 1383, 1418, 1429, 1435, 1440, 1454, 1461, 1463, 1471, 1494, 1508, 1521, 1528, 1548, 1558, 1586, 1588, 1599, 1631, 1632, 1635, 1648, 1659, 1674, 1675, 1692, 1695, 1715, 1739, 1761, 1764, 1780, 1797, 1804, 1820, 1823, 1825, 1826, 1859, 1869, 1880, 1889, 1913, 1969, 1973, 1981, 1992, 2023, 2029, 2046, 2058, 2067, 2101, 2109, 2113, 2114, 2116, 2192, 2196, 2216, 2226, 2237, 2247, 2270, 2312, 2316, 2338, 2347, 2353, 2359, 2395, 2409, 2417, 2454, 2459, 2461, 2470, 2527, 2531, 2544, 2599, 2604, 2610, 2614, 2625, 2626, 2636, 2678, 2715, 2726, 2730, 2741, 2767, 2775, 2788, 2798, 2813, 2816, 2828, 2837, 2851, 2929, 2933, 2935, 2942, 2969, 2982, 2987, 2988, 2990, 2994, 2998, 3000, 3015, 3017, 3030, 3041, 3053, 3081, 3089, 3093, 3097, 3109, 3113, 3115, 3116, 3135, 3211, 3246, 3251, 3276, 3279, 3289, 3300, 3334, 3341, 3342, 3343, 3351, 3355, 3395, 3402, 3420, 3421, 3436, 3439, 3461, 3472, 3483, 3492, 3499, 3501, 3513, 3538, 3544, 3545, 3572, 3587, 3590, 3596, 3607, 3617, 3644, 3647, 3652, 3653, 3676, 3678, 3684, 3690, 3710, 3717, 3721, 3732, 3734, 3736, 3740, 3742, 3747, 3748, 3771, 3776, 3782, 3814, 3837, 3838, 3844, 3848, 3850, 3871, 3908, 3910, 3923, 3924, 3935, 3945, 3954, 3964, 3980, 3992, 3998, 4009, 4013, 4037, 4039, 4050, 4063, 4066, 4107, 4118, 4162, 4179, 4192, 4203, 4218, 4229, 4249, 4262, 4291, 4304, 4314, 4320, 4322, 4341, 4343, 4350, 4358, 4375, 4377, 4380, 4386, 4387, 4395, 4431, 4439, 4442, 4443, 4465, 4468, 4495, 4502, 4504, 4556, 4563, 4564, 4574, 4600, 4609, 4611, 4634, 4667, 4676, 4679, 4688, 4701, 4720, 4721, 4725, 4739, 4787, 4797, 4825, 4833, 4851, 4868, 4875, 4877, 4881, 4894, 4905, 4918, 4944, 4945, 4958, 4989
DNA, Partition_23 = 2, 10, 30, 44, 50, 54, 60, 67, 73, 93, 97, 102, 105, 110, 118, 120, 122, 151, 166, 173, 188, 195, 203, 214, 215, 216, 220, 233, 240, 245, 265, 288, 305, 311, 325, 358, 362, 378, 390, 405, 436, 456, 464, 468, 479, 490, 502, 514, 540, 547, 560, 571, 581, 600, 612, 619, 620, 635, 651, 657, 680, 684, 690, 705, 708, 728, 729, 732, 733, 739, 743, 762, 780, 782, 802, 807, 808, 809, 818, 841, 850, 890, 897, 925, 927, 950, 961, 996, 1019, 1026, 1040, 1065, 1081, 1114, 1116, 1120, 1123, 1125, 1131, 1140, 1147, 1168, 1183, 1184, 1189, 1210, 1244, 1253, 1256, 1261, 1282, 1295, 1301, 1304, 1306, 1320, 1322, 1330, 1334, 1377, 1392, 1395, 1409, 1416, 1422, 1425, 1433, 1442, 1455, 1484, 1495, 1499, 1507, 1523, 1556, 1571, 1606, 1641, 1684, 1706, 1729, 1740, 1742, 1766, 1791, 1802, 1813, 1837, 1841, 1857, 1862, 1865, 1871, 1885, 1919, 1920, 1934, 1941, 1955, 1982, 2017, 2026, 2040, 2043, 2048, 2056, 2060, 2064, 2072, 2099, 2104, 2110, 2125, 2130, 2132, 2144, 2165, 2172, 2176, 2178, 2184, 2189, 2198, 2199, 2214, 2240, 2253, 2255, 2259, 2266, 2285, 2368, 2390, 2415, 2422, 2430, 2448, 2458, 2492, 2494, 2497, 2506, 2512, 2514, 2522, 2524, 2526, 2532, 2534, 2536, 2542, 2574, 2585, 2598, 2646, 2687, 2688, 2700, 2706, 2710, 2720, 2769, 2780, 2791, 2812, 2820, 2821, 2840, 2867, 2883, 2892, 2901, 2939, 2945, 2965, 2968, 2970, 2973, 2978, 2993, 3007, 3025, 3048, 3072, 3086, 3088, 3095, 3102, 3152, 3160, 3185, 3234, 3243, 3247, 3262, 3270, 3281, 3302, 3306, 3315, 3317, 3318, 3335, 3339, 3349, 3361, 3368, 3369, 3370, 3380, 3383, 3388, 3414, 3424, 3432, 3443, 3460, 3464, 3465, 3468, 3487, 3505, 3506, 3521, 3543, 3549, 3557, 3559, 3561, 3568, 3581, 3598, 3629, 3636, 3649, 3659, 3668, 3675, 3704, 3722, 3725, 3733, 3744, 3779, 3783, 3807, 3808, 3815, 3816, 3818, 3821, 3822, 3845, 3847, 3849, 3854, 3863, 3881, 3883, 3886, 3892, 3909, 3920, 3921, 3953, 3956, 3981, 4008, 4017, 4022, 4043, 4048, 4055, 4058, 4067, 4090, 4100, 4130, 4169, 4172, 4176, 4177, 4219, 4223, 4244, 4251, 4263, 4265, 4288, 4315, 4321, 4328, 4348, 4365, 4374, 4385, 4399, 4405, 4411, 4437, 4535, 4539, 4540, 4543, 4553, 4569, 4586, 4603, 4621, 4628, 4635, 4636, 4638, 4660, 4678, 4697, 4702, 4723, 4736, 4770, 4777, 4780, 4786, 4788, 4789, 4801, 4835, 4839, 4846, 4847, 4878, 4880, 4886, 4888, 4920, 4932, 4972, 4992
DNA, Partition_24 = 32, 46, 61, 63, 69, 79, 88, 106, 107, 117, 142, 147, 149, 184, 201, 209, 231, 269, 279, 297, 339, 369, 424, 475, 488, 500, 510, 527, 530, 536, 537, 585, 593, 604, 624, 625, 637, 639, 655, 666, 667, 699, 702, 714, 726, 749, 754, 756, 760, 772, 777, 787, 791, 801, 814, 835, 846, 879, 894, 902, 911, 918, 919, 934, 963, 969, 980, 1025, 1034, 1054, 1072, 1076, 1085, 1088, 1089, 1112, 1113, 1143, 1151, 1156, 1162, 1167, 1178, 1204, 1227, 1265, 1266, 1283, 1291, 1309, 1314, 1324, 1329, 1335, 1350, 1380, 1381, 1389, 1396, 1404, 1406, 1408, 1432, 1474, 1486, 1490, 1498, 1502, 1504, 1517, 1533, 1557, 1570, 1575, 1576, 1608, 1612, 1616, 1634, 1638, 1660, 1673, 1700, 1712, 1719, 1730, 1763, 1774, 1777, 1799, 1833, 1835, 1847, 1850, 1856, 1867, 1872, 1877, 1884, 1886, 1887, 1890, 1893, 1895, 1898, 1901, 1910, 1931, 1954, 1960, 1962, 1968, 1984, 2001, 2004, 2016, 2044, 2098, 2103, 2136, 2143, 2151, 2166, 2177, 2180, 2181, 2194, 2206, 2221, 2225, 2229, 2233, 2242, 2244, 2251, 2287, 2300, 2303, 2344, 2356, 2371, 2377, 2383, 2392, 2399, 2410, 2423, 2436, 2469, 2474, 2487, 2509, 2516, 2547, 2561, 2563, 2594, 2595, 2607, 2613, 2617, 2618, 2639, 2644, 2664, 2677, 2694, 2705, 2719, 2729, 2744, 2746, 2752, 2787, 2807, 2815, 2822, 2830, 2831, 2844, 2848, 2849, 2868, 2882, 2884, 2886, 2891, 2895, 2916, 2930, 2938, 2957, 2960, 2984, 2989, 3042, 3047, 3050, 3060, 3061, 3075, 3077, 3082, 3083, 3122, 3134, 3141, 3145, 3155, 3163, 3164, 3180, 3189, 3190, 3193, 3210, 3216, 3231, 3245, 3253, 3259, 3274, 3280, 3293, 3328, 3336, 3352, 3356, 3377, 3379, 3390, 3392, 3396, 3404, 3409, 3410, 3429, 3438, 3463, 3484, 3511, 3537, 3541, 3562, 3571, 3576, 3589, 3595, 3599, 3610, 3616, 3632, 3633, 3661, 3671, 3673, 3679, 3682, 3698, 3707, 3713, 3752, 3787, 3789, 3791, 3800, 3803, 3825, 3829, 3833, 3846, 3856, 3864, 3867, 3872, 3896, 3938, 3948, 3951, 3973, 3978, 3989, 4016, 4030, 4032, 4033, 4045, 4092, 4094, 4122, 4139, 4145, 4157, 4190, 4193, 4197, 4207, 4209, 4256, 4269, 4271, 4293, 4295, 4338, 4339, 4346, 4352, 4359, 4364, 4373, 4390, 4392, 4406, 4407, 4409, 4426, 4432, 4449, 4451, 4460, 4466, 4467, 4477, 4490, 4499, 4537, 4542, 4545, 4555, 4559, 4585, 4601, 4619, 4646, 4648, 4651, 4652, 4671, 4698, 4711, 4712, 4713, 4718, 4719, 4728, 4778, 4785, 4795, 4806, 4828, 4848, 4852, 4873, 4919, 4934, 4935, 4973, 4985, 4995
DNA, Partition_25 = 6, 31, 40, 45, 70, 76, 77, 83, 87, 104, 111, 126, 128, 155, 156, 169, 175, 210, 222, 228, 236, 254, 264, 268, 278, 280, 313, 351, 373, 382, 414, 417, 422, 426, 437, 439, 445, 447, 450, 462, 476, 519, 524, 543, 545, 555, 582, 583, 588, 589, 590, 607, 608, 616, 638, 641, 675, 706, 713, 755, 792, 799, 803, 805, 823, 826, 829, 831, 843, 863, 866, 877, 889, 898, 909, 940, 962, 994, 999, 1004, 1010, 1018, 1021, 1027, 1029, 1031, 1033, 1038, 1042, 1050, 1069, 1082, 1094, 1097, 1099, 1118, 1128, 1146, 1160, 1164, 1181, 1199, 1200, 1202, 1212, 1214, 1221, 1228, 1245, 1246, 1255, 1264, 1273, 1311, 1313, 1316, 1319, 1328, 1342, 1352, 1361, 1363, 1376, 1382, 1428, 1431, 1437, 1441, 1456, 1496, 1501, 1532, 1546, 1547, 1569, 1572, 1573, 1582, 1620, 1625, 1639, 1653, 1667, 1679, 1686, 1688, 1693, 1696, 1713, 1741, 1769, 1792, 1811, 1822, 1846, 1860, 1866, 1897, 1928, 1947, 1977, 1988, 1991, 2002, 2008, 2035, 2079, 2111, 2123, 2127, 2128, 2134, 2146, 2147, 2175, 2204, 2228, 2231, 2243, 2252, 2279, 2293, 2299, 2308, 2323, 2334, 2385, 2397, 2398, 2407, 2427, 2429, 2437, 2445, 2457, 2466, 2519, 2523, 2528, 2529, 2545, 2548, 2551, 2583, 2609, 2612, 2632, 2643, 2674, 2690, 2692, 2737, 2753, 2771, 2792, 2800, 2801, 2806, 2832, 2834, 2839, 2845, 2855, 2859, 2863, 2880, 2904, 2922, 2925, 2927, 2932, 2936, 2937, 2946, 2952, 2959, 2962, 2980, 2999, 3002, 3012, 3013, 3020, 3022, 3032, 3044, 3051, 3062, 3092, 3096, 3126, 3131, 3138, 3143, 3148, 3170, 3174, 3187, 3196, 3203, 3214, 3236, 3257, 3278, 3314, 3316, 3322, 3327, 3350, 3357, 3367, 3374, 3376, 3382, 3394, 3400, 3403, 3412, 3423, 3427, 3462, 3518, 3533, 3534, 3564, 3567, 3591, 3602, 3626, 3631, 3635, 3637, 3667, 3695, 3697, 3699, 3700, 3708, 3714, 3715, 3718, 3730, 3763, 3793, 3795, 3796, 3832, 3898, 3907, 3936, 3946, 3949, 3955, 3957, 3975, 3987, 3997, 4035, 4036, 4051, 4059, 4075, 4078, 4081, 4108, 4116, 4117, 4129, 4131, 4140, 4148, 4150, 4166, 4180, 4181, 4182, 4183, 4200, 4224, 4227, 4236, 4248, 4250, 4264, 4280, 4296, 4301, 4305, 4323, 4332, 4335, 4337, 4340, 4351, 4353, 4370, 4376, 4394, 4403, 4433, 4454, 4458, 4459, 4461, 4462, 4481, 4487, 4527, 4534, 4570, 4576, 4597, 4604, 4605, 4607, 4616, 4622, 4672, 4677, 4685, 4709, 4714, 4733, 4755, 4765, 4769, 4775, 4791, 4808, 4830, 4838, 4840, 4883, 4893, 4901, 4903, 4910, 4922, 4936, 4942, 4956, 4977, 4979, 4990, 4994
DNA, Partition_26 = 39, 56, 143, 168, 196, 242, 253, 257, 284, 286, 291, 295, 312, 319, 327, 352, 361, 371, 388, 396, 397, 399, 401, 416, 421, 433, 444, 465, 470, 473, 486, 487, 497, 501, 504, 520, 531, 542, 546, 548, 549, 552, 562, 568, 569, 623, 677, 678, 687, 693, 698, 716, 758, 763, 811, 845, 854, 857, 860, 867, 871, 878, 883, 930, 945, 954, 959, 970, 978, 992, 997, 1036, 1037, 1049, 1060, 1104, 1115, 1134, 1136, 1152, 1163, 1166, 1190, 1192, 1194, 1230, 1241, 1247, 1248, 1263, 1272, 1280, 1303, 1339, 1349, 1353, 1372, 1405, 1420, 1535, 1538, 1541, 1542, 1549, 1552, 1561, 1594, 1604, 1607, 1619, 1655, 1665, 1678, 1685, 1689, 1707, 1716, 1720, 1728, 1731, 1734, 1737, 1768, 1779, 1784, 1786, 1816, 1832, 1834, 1848, 1853, 1870, 1876, 1879, 1902, 1922, 1923, 1929, 1932, 1938, 1946, 1961, 1986, 2019, 2025, 2033, 2036, 2088, 2090, 2121, 2154, 2155, 2188, 2210, 2223, 2284, 2288, 2327, 2419, 2421, 2451, 2453, 2480, 2485, 2501, 2502, 2503, 2520, 2521, 2579, 2584, 2602, 2645, 2650, 2658, 2665, 2679, 2683, 2684, 2697, 2703, 2716, 2759, 2773, 2782, 2790, 2795, 2796, 2797, 2802, 2803, 2829, 2838, 2857, 2885, 2887, 2896, 2908, 2920, 2924, 2926, 2954, 2972, 3046, 3056, 3068, 3104, 3108, 3121, 3124, 3125, 3146, 3161, 3175, 3188, 3195, 3198, 3230, 3265, 3271, 3292, 3294, 3344, 3372, 3375, 3387, 3447, 3466, 3474, 3500, 3512, 3516, 3517, 3528, 3529, 3553, 3574, 3625, 3646, 3648, 3665, 3681, 3689, 3701, 3758, 3760, 3762, 3772, 3775, 3780, 3788, 3798, 3801, 3827, 3839, 3866, 3878, 3891, 3919, 3930, 3940, 3947, 3959, 3962, 3967, 4001, 4019, 4042, 4082, 4103, 4123, 4133, 4147, 4153, 4178, 4187, 4211, 4240, 4242, 4299, 4316, 4367, 4383, 4453, 4474, 4491, 4532, 4541, 4548, 4550, 4578, 4606, 4627, 4629, 4640, 4663, 4666, 4669, 4686, 4687, 4695, 4716, 4818, 4844, 4862, 4897, 4926, 4937, 4959, 4964, 4970, 4983
DNA, Partition_27 = 16, 47, 113, 125, 131, 170, 178, 194, 197, 206, 213, 267, 274, 275, 289, 321, 323, 345, 367, 404, 407, 409, 411, 415, 435, 498, 513, 529, 538, 551, 554, 566, 591, 597, 599, 602, 606, 648, 650, 670, 674, 695, 790, 832, 842, 853, 885, 888, 896, 908, 924, 951, 990, 1044, 1061, 1090, 1100, 1106, 1108, 1117, 1129, 1130, 1133, 1141, 1149, 1185, 1257, 1274, 1290, 1302, 1375, 1378, 1426, 1427, 1447, 1468, 1477, 1530, 1544, 1560, 1577, 1618, 1627, 1657, 1701, 1723, 1727, 1770, 1781, 1785, 1790, 1808, 1843, 1844, 1852, 1854, 1863, 1864, 1916, 1930, 1933, 1940, 1942, 1976, 1990, 1993, 2055, 2102, 2105, 2163, 2164, 2174, 2183, 2190, 2203, 2207, 2213, 2258, 2260, 2267, 2278, 2286, 2290, 2314, 2315, 2358, 2366, 2408, 2411, 2440, 2468, 2496, 2507, 2533, 2550, 2565, 2576, 2578, 2589, 2605, 2621, 2622, 2637, 2728, 2754, 2764, 2786, 2810, 2811, 2853, 2876, 2889, 2906, 2923, 2955, 2991, 3027, 3033, 3039, 3052, 3111, 3117, 3158, 3159, 3167, 3221, 3228, 3232, 3244, 3269, 3283, 3286, 3288, 3295, 3319, 3332, 3337, 3366, 3415, 3417, 3450, 3451, 3508, 3509, 3510, 3514, 3523, 3548, 3556, 3566, 3615, 3619, 3627, 3630, 3641, 3658, 3674, 3677, 3688, 3691, 3738, 3739, 3769, 3770, 3774, 3794, 3888, 3889, 3890, 3893, 3933, 3943, 3960, 3974, 3982, 3985, 3993, 3994, 4005, 4011, 4015, 4023, 4054, 4069, 4115, 4134, 4156, 4158, 4195, 4206, 4217, 4228, 4246, 4275, 4278, 4325, 4327, 4330, 4342, 4357, 4363, 4366, 4369, 4436, 4497, 4517, 4529, 4554, 4560, 4565, 4582, 4584, 4588, 4615, 4655, 4680, 4689, 4699, 4700, 4727, 4744, 4759, 4811, 4843, 4908, 4909, 4927, 4940, 4955, 4960, 4966, 4997
DNA, Partition_28 = 23, 43, 119, 141, 162, 204, 227, 229, 315, 340, 344, 357, 387, 412, 425, 430, 469, 492, 505, 516, 534, 595, 617, 649, 664, 701, 709, 710, 744, 747, 768, 769, 770, 794, 800, 827, 876, 905, 933, 967, 975, 984, 1000, 1020, 1087, 1101, 1159, 1171, 1207, 1242, 1296, 1305, 1307, 1337, 1347, 1413, 1444, 1519, 1526, 1543, 1568, 1600, 1610, 1633, 1652, 1669, 1681, 1724, 1752, 1836, 1888, 1907, 1924, 1971, 1997, 2003, 2011, 2068, 2112, 2118, 2139, 2142, 2145, 2150, 2173, 2185, 2217, 2307, 2313, 2321, 2328, 2335, 2337, 2345, 2354, 2367, 2382, 2391, 2416, 2446, 2456, 2477, 2504, 2597, 2623, 2634, 2649, 2696, 2699, 2702, 2711, 2777, 2781, 2808, 2847, 2850, 2864, 2915, 2947, 2953, 2963, 2971, 2986, 3001, 3006, 3071, 3103, 3110, 3127, 3151, 3176, 3209, 3212, 3309, 3310, 3320, 3371, 3384, 3455, 3481, 3485, 3489, 3507, 3525, 3551, 3604, 3618, 3620, 3650, 3669, 3723, 3724, 3792, 3809, 3813, 3830, 3841, 3859, 3912, 3922, 3941, 3979, 4041, 4047, 4070, 4084, 4085, 4104, 4124, 4127, 4132, 4220, 4233, 4245, 4268, 4273, 4281, 4292, 4312, 4379, 4417, 4435, 4444, 4447, 4448, 4457, 4485, 4489, 4516, 4526, 4547, 4562, 4573, 4583, 4643, 4649, 4656, 4664, 4665, 4696, 4731, 4732, 4762, 4792, 4794, 4798, 4803, 4805, 4834, 4837, 4859, 4885, 4889, 4900, 4961, 4962, 4967, 4993
DNA, Partition_29 = 1, 9, 75, 91, 108, 130, 138, 139, 150, 153, 183, 186, 192, 198, 207, 234, 237, 239, 241, 260, 293, 304, 359, 379, 406, 408, 423, 428, 432, 499, 509, 558, 567, 579, 621, 631, 640, 652, 722, 742, 752, 778, 789, 815, 880, 882, 900, 904, 906, 916, 956, 993, 1016, 1057, 1063, 1064, 1121, 1124, 1161, 1205, 1259, 1318, 1336, 1368, 1419, 1434, 1439, 1452, 1460, 1462, 1469, 1493, 1527, 1609, 1644, 1661, 1682, 1710, 1714, 1735, 1753, 1778, 1815, 1817, 1845, 1858, 1874, 1972, 1978, 2013, 2024, 2034, 2038, 2047, 2057, 2078, 2148, 2186, 2209, 2234, 2249, 2263, 2277, 2281, 2283, 2352, 2381, 2406, 2412, 2413, 2455, 2472, 2483, 2543, 2600, 2672, 2738, 2776, 2824, 2835, 2860, 2900, 2914, 2917, 2940, 2958, 3009, 3021, 3057, 3065, 3099, 3100, 3186, 3219, 3267, 3282, 3297, 3311, 3331, 3346, 3360, 3381, 3418, 3435, 3440, 3448, 3503, 3515, 3536, 3542, 3563, 3609, 3623, 3642, 3645, 3683, 3686, 3741, 3750, 3753, 3754, 3826, 3836, 3842, 3843, 3869, 3873, 3914, 4021, 4060, 4064, 4099, 4111, 4141, 4143, 4167, 4189, 4237, 4254, 4318, 4347, 4372, 4423, 4430, 4473, 4475, 4492, 4512, 4519, 4536, 4558, 4596, 4617, 4623, 4642, 4650, 4668, 4675, 4681, 4690, 4715, 4726, 4738, 4763, 4781, 4800, 4832, 4841, 4866, 4882, 4923, 4930, 4943, 4957, 4963, 4968, 4976, 4981
DNA, Partition_30 = 7, 37, 123, 171, 205, 230, 250, 270, 271, 303, 395, 440, 466, 481, 491, 515, 518, 565, 634, 647, 682, 723, 724, 766, 804, 851, 862, 907, 913, 1041, 1053, 1080, 1158, 1198, 1219, 1243, 1288, 1343, 1464, 1478, 1479, 1537, 1540, 1550, 1559, 1567, 1579, 1585, 1623, 1626, 1666, 1717, 1798, 1814, 1944, 1974, 1979, 2015, 2070, 2094, 2122, 2131, 2182, 2238, 2261, 2384, 2402, 2438, 2511, 2591, 2695, 2758, 2774, 2783, 2871, 2881, 2888, 2894, 2919, 2956, 2981, 3019, 3067, 3098, 3114, 3120, 3162, 3184, 3224, 3235, 3238, 3256, 3268, 3290, 3330, 3358, 3362, 3428, 3433, 3580, 3593, 3594, 3606, 3643, 3651, 3655, 3660, 3702, 3735, 3751, 3810, 3823, 3831, 3852, 3860, 3916, 3976, 4040, 4079, 4121, 4210, 4212, 4241, 4243, 4270, 4391, 4408, 4446, 4456, 4514, 4530, 4531, 4557, 4567, 4620, 4626, 4631, 4753, 4766, 4772, 4826, 4836, 4857, 4867, 4869, 4892, 4933, 4947, 4987
DNA, Partition_31 = 14, 38, 66, 80, 84, 148, 165, 221, 223, 266, 272, 287, 302, 310, 374, 410, 420, 442, 443, 467, 478, 522, 580, 645, 662, 700, 759, 776, 779, 861, 914, 972, 973, 974, 1011, 1182, 1208, 1251, 1275, 1312, 1356, 1360, 1373, 1465, 1489, 1510, 1555, 1581, 1597, 1601, 1704, 1705, 1736, 1788, 1878, 1994, 2018, 2075, 2272, 2329, 2362, 2363, 2365, 2372, 2426, 2428, 2449, 2541, 2570, 2580, 2676, 2756, 2772, 2784, 2817, 2852, 2856, 2866, 2910, 2934, 3045, 3133, 3237, 3313, 3425, 3426, 3478, 3527, 3703, 3729, 3879, 4004, 4018, 4029, 4086, 4087, 4101, 4149, 4202, 4222, 4235, 4253, 4255, 4326, 4378, 4381, 4404, 4418, 4422, 4429, 4478, 4493, 4510, 4523, 4587, 4592, 4625, 4630, 4673, 4704, 4710, 4760, 4771, 4779, 4796, 4809, 4827, 4856, 4996
DNA, Partition_32 = 3, 5, 11, 17, 21, 28, 29, 36, 48, 52, 57, 58, 59, 62, 68, 71, 81, 94, 96, 101, 114, 116, 127, 146, 154, 172, 187, 193, 248, 249, 252, 262, 263, 277, 281, 282, 285, 294, 298, 301, 308, 348, 355, 356, 386, 391, 419, 427, 448, 452, 455, 461, 471, 517, 535, 550, 557, 575, 578, 601, 603, 609, 614, 633, 643, 656, 659, 660, 679, 694, 715, 720, 730, 734, 745, 748, 751, 765, 767, 795, 806, 822, 830, 837, 852, 855, 865, 868, 869, 893, 920, 922, 931, 944, 949, 1001, 1005, 1022, 1024, 1035, 1051, 1059, 1067, 1070, 1075, 1093, 1139, 1155, 1165, 1170, 1177, 1191, 1193, 1196, 1206, 1218, 1232, 1235, 1237, 1239, 1270, 1327, 1354, 1355, 1379, 1385, 1390, 1394, 1402, 1417, 1430, 1443, 1446, 1448, 1473, 1482, 1483, 1485, 1511, 1529, 1534, 1562, 1587, 1602, 1614, 1637, 1640, 1645, 1649, 1650, 1654, 1668, 1676, 1694, 1702, 1718, 1726, 1743, 1754, 1759, 1807, 1810, 1812, 1818, 1829, 1842, 1861, 1882, 1891, 1906, 1917, 1939, 1943, 1951, 1957, 1959, 1967, 1975, 1980, 2007, 2012, 2039, 2051, 2059, 2069, 2084, 2085, 2089, 2091, 2093, 2117, 2159, 2171, 2193, 2211, 2212, 2215, 2264, 2292, 2306, 2317, 2325, 2331, 2332, 2339, 2349, 2364, 2380, 2388, 2393, 2432, 2439, 2442, 2467, 2473, 2484, 2489, 2499, 2508, 2510, 2515, 2518, 2538, 2553, 2554, 2559, 2577, 2592, 2593, 2611, 2627, 2629, 2630, 2663, 2669, 2681, 2685, 2693, 2708, 2712, 2727, 2733, 2735, 2745, 2747, 2749, 2757, 2761, 2770, 2785, 2793, 2814, 2825, 2836, 2841, 2842, 2843, 2861, 2865, 2870, 2898, 2967, 2985, 2997, 3010, 3011, 3024, 3029, 3034, 3037, 3058, 3066, 3101, 3105, 3128, 3129, 3132, 3139, 3142, 3166, 3178, 3201, 3202, 3217, 3218, 3220, 3225, 3233, 3241, 3254, 3272, 3277, 3301, 3312, 3329, 3373, 3385, 3386, 3389, 3398, 3401, 3411, 3442, 3444, 3445, 3446, 3457, 3470, 3473, 3480, 3490, 3494, 3496, 3546, 3555, 3560, 3569, 3578, 3584, 3585, 3614, 3624, 3634, 3654, 3656, 3662, 3663, 3672, 3680, 3685, 3706, 3728, 3745, 3755, 3761, 3767, 3778, 3781, 3784, 3797, 3799, 3806, 3861, 3876, 3877, 3899, 3905, 3913, 3917, 3963, 3965, 3983, 4000, 4002, 4006, 4012, 4026, 4046, 4061, 4065, 4073, 4083, 4088, 4091, 4097, 4098, 4102, 4112, 4128, 4138, 4163, 4171, 4185, 4191, 4198, 4201, 4225, 4259, 4282, 4285, 4302, 4307, 4311, 4324, 4334, 4361, 4396, 4400, 4415, 4452, 4463, 4469, 4472, 4494, 4501, 4524, 4549, 4568, 4577, 4624, 4637, 4662, 4706, 4707, 4722, 4734, 4735, 4743, 4754, 4757, 4768, 4783, 4804, 4815, 4816, 4820, 4822, 4824, 4842, 4854, 4858, 4907, 4948, 4950, 4953, 4969, 4978, 5000