Partition output from ratepartitions.py
--Written by Tobias Malm (20121130)

For rate file: 6.rates with 5000 sites!

Manually set dividing factor: 4.0
Partitions calculated according to:
	1st partition: highest rate - ((highest rate - minimum_rate)/(4.0)),
	the remaining as lower boundary rate= upper boundary rate -((upper boundary rate - minimum rate)/(4.0+Partitionnumber*0.3)).
	Last partition created when less than 10% of total characters are left (=500.0 characters).

Rate spread of entire data set (Highest (slowest, 1=invariant) to lowest (fastest) ): Highest: 0.353420684137, lowest: 0.046926051877, spread: 0.30649463226
Partition_1(4 sites):	Rate-span: 0.353421-0.276797

Partition_2(2 sites):	Rate-span: 0.276797-0.226825

Partition_3(7 sites):	Rate-span: 0.226825-0.190111

Partition_4(15 sites):	Rate-span: 0.190111-0.162575

Partition_5(27 sites):	Rate-span: 0.162575-0.141548

Partition_6(15 sites):	Rate-span: 0.141548-0.125234

Partition_7(26 sites):	Rate-span: 0.125234-0.112397

Partition_8(48 sites):	Rate-span: 0.112397-0.102167

Partition_9(47 sites):	Rate-span: 0.102167-0.093922

Partition_10(70 sites):	Rate-span: 0.093922-0.087208

Partition_11(73 sites):	Rate-span: 0.087208-0.08169

Partition_12(92 sites):	Rate-span: 0.08169-0.077116

Partition_13(126 sites):	Rate-span: 0.077116-0.073294

Partition_14(161 sites):	Rate-span: 0.073294-0.070079

Partition_15(182 sites):	Rate-span: 0.070079-0.067355

Partition_16(198 sites):	Rate-span: 0.067355-0.065033

Partition_17(238 sites):	Rate-span: 0.065033-0.063044

Partition_18(259 sites):	Rate-span: 0.063044-0.061329

Partition_19(297 sites):	Rate-span: 0.061329-0.059844

Partition_20(313 sites):	Rate-span: 0.059844-0.058552

Partition_21(339 sites):	Rate-span: 0.058552-0.057424

Partition_22(344 sites):	Rate-span: 0.057424-0.056433

Partition_23(289 sites):	Rate-span: 0.056433-0.055561

Partition_24(284 sites):	Rate-span: 0.055561-0.05479

Partition_25(252 sites):	Rate-span: 0.05479-0.054106

Partition_26(217 sites):	Rate-span: 0.054106-0.053498

Partition_27(189 sites):	Rate-span: 0.053498-0.052955

Partition_28(166 sites):	Rate-span: 0.052955-0.052468

Partition_29(143 sites):	Rate-span: 0.052468-0.052032

Partition_30(120 sites):	Rate-span: 0.052032-0.051639

Partition_31(457 sites):	Rate-span: 0.051639-0.046926



MrBayes style
begin mrbayes;
Charset Partition_1 = 2505 2719 2990 4893;
Charset Partition_2 = 1154 2686;
Charset Partition_3 = 373 2648 2842 3007 3086 3206 3834;
Charset Partition_4 = 226 428 717 1119 1353 1763 2538 2934 2960 3013 3040 3416 3793 4772 4881;
Charset Partition_5 = 822 1302 1517 1956 2556 2572 2587 2596 2614 2638 2749 2965 3010 3065 3089 3184 3222 3290 3358 3394 3408 3419 3484 3580 3717 4460 4778;
Charset Partition_6 = 262 503 919 1432 1445 2687 2693 3100 3336 3597 3641 3715 4248 4767 4916;
Charset Partition_7 = 48 312 524 607 1740 1821 2169 2305 2601 2674 2726 2792 2963 3004 3074 3128 3153 3229 3564 3586 3677 3891 4381 4392 4579 4857;
Charset Partition_8 = 181 285 404 490 582 929 959 984 1083 1163 1284 1300 1344 1475 1542 1672 2081 2149 2234 2289 2748 2758 2857 2875 2877 2889 2914 2998 3002 3076 3105 3226 3233 3239 3297 3410 3418 3433 3566 3603 3809 4277 4325 4391 4398 4416 4454 4959;
Charset Partition_9 = 14 51 215 304 617 667 668 700 886 1281 1318 1678 1695 1703 1712 2105 2108 2160 2391 2467 2578 2613 2618 2622 2635 2636 2778 2803 3014 3077 3102 3141 3253 3525 3565 3575 3656 3723 3850 4015 4515 4585 4620 4889 4894 4895 4924;
Charset Partition_10 = 19 39 345 483 610 680 703 705 953 1101 1328 1403 1419 1467 1568 1649 1663 1817 1917 1934 2066 2086 2336 2390 2402 2427 2438 2609 2641 2655 2677 2723 2732 2751 2816 2837 2847 2855 2997 3009 3075 3123 3145 3151 3191 3372 3405 3439 3488 3495 3555 3652 3697 3913 4180 4187 4328 4395 4403 4529 4559 4564 4633 4654 4656 4709 4719 4734 4925 4939;
Charset Partition_11 = 138 182 228 266 359 413 497 517 704 710 728 734 756 792 819 828 855 900 901 1089 1132 1283 1308 1329 1341 1514 1675 1699 1775 1896 1983 2040 2196 2220 2231 2510 2544 2607 2642 2675 2683 2860 2923 3033 3051 3078 3120 3124 3134 3138 3192 3216 3368 3414 3474 3557 3591 3642 3764 3873 3933 3978 3998 4044 4138 4313 4543 4576 4635 4755 4804 4846 4999;
Charset Partition_12 = 79 161 171 173 194 274 394 395 473 505 541 618 698 933 948 995 1103 1197 1289 1320 1336 1352 1375 1484 1607 1693 1729 1734 1751 1798 1801 1891 1942 1972 1979 1994 2158 2189 2411 2447 2463 2473 2557 2594 2649 2651 2694 2708 2806 2822 2882 2991 3070 3090 3190 3223 3251 3273 3396 3399 3409 3421 3470 3494 3519 3600 3637 3661 3698 3703 3796 3906 3961 4028 4054 4099 4155 4164 4190 4252 4299 4407 4540 4586 4601 4602 4649 4650 4693 4819 4844 4879;
Charset Partition_13 = 21 43 85 97 142 157 192 220 280 371 372 415 462 606 609 739 829 889 996 1208 1221 1257 1268 1393 1397 1426 1429 1483 1510 1540 1548 1565 1620 1632 1653 1668 1759 1805 1886 1895 2001 2047 2103 2144 2168 2253 2330 2352 2423 2604 2661 2697 2738 2739 2753 2783 2819 2859 2924 2988 3024 3036 3079 3099 3179 3182 3235 3241 3260 3261 3283 3312 3380 3392 3395 3403 3436 3438 3441 3446 3447 3450 3476 3481 3505 3512 3539 3550 3551 3582 3587 3602 3707 3747 3783 3814 3854 3864 3920 3924 3954 3960 3988 3999 4068 4110 4125 4182 4282 4292 4332 4419 4424 4429 4436 4486 4508 4531 4625 4629 4648 4753 4792 4796 4868 4987;
Charset Partition_14 = 27 71 72 109 221 245 247 255 267 341 391 408 433 459 498 511 544 549 602 647 690 715 740 801 804 913 941 974 1117 1159 1178 1206 1253 1263 1304 1340 1342 1421 1493 1563 1575 1609 1625 1626 1690 1735 1737 1818 1894 1897 1973 1974 2025 2035 2139 2146 2155 2164 2166 2203 2314 2332 2335 2350 2366 2375 2412 2457 2480 2520 2531 2610 2731 2733 2735 2762 2774 2793 2821 2824 2834 2901 2916 2918 3018 3026 3136 3144 3146 3147 3166 3202 3203 3208 3224 3240 3277 3288 3302 3316 3329 3343 3346 3353 3355 3361 3367 3373 3381 3387 3464 3468 3471 3480 3497 3506 3511 3517 3521 3533 3534 3606 3614 3654 3662 3682 3699 3718 3765 3811 3885 4017 4121 4143 4175 4297 4304 4333 4346 4368 4412 4507 4511 4532 4604 4672 4695 4711 4736 4737 4797 4821 4837 4887 4905 4914 4922 4965 4984 4995 4996;
Charset Partition_15 = 13 17 80 118 129 225 239 251 300 339 351 368 378 386 398 482 486 491 492 640 684 745 746 766 832 891 897 905 924 930 1025 1028 1080 1234 1311 1322 1358 1371 1418 1446 1500 1515 1566 1591 1601 1612 1706 1744 1746 1755 1813 1820 1840 1850 1856 1868 1903 2029 2043 2118 2122 2142 2153 2225 2245 2287 2316 2325 2432 2465 2519 2564 2592 2603 2615 2626 2640 2646 2671 2685 2695 2698 2709 2710 2728 2743 2781 2782 2788 2800 2807 2809 2826 2830 2851 2866 2885 2911 2930 2984 2987 3035 3094 3133 3140 3207 3217 3227 3245 3248 3256 3274 3279 3285 3299 3305 3321 3332 3366 3384 3424 3427 3430 3460 3472 3475 3478 3479 3502 3523 3553 3573 3574 3623 3639 3640 3647 3653 3671 3683 3687 3688 3716 3726 3731 3733 3738 3749 3894 3898 3908 3914 3957 3982 3991 4001 4046 4057 4249 4268 4294 4296 4336 4453 4479 4493 4497 4664 4674 4688 4710 4728 4730 4790 4798 4814 4869 4877 4886 4891 4949 4958;
Charset Partition_16 = 38 42 130 135 149 177 231 327 370 421 422 439 485 499 561 616 624 656 660 665 686 719 826 853 872 885 962 982 987 1014 1027 1043 1223 1291 1307 1319 1325 1343 1361 1365 1381 1439 1550 1581 1613 1627 1658 1711 1725 1777 1800 1815 1848 1890 1916 1926 1941 1952 1991 2017 2096 2131 2143 2183 2226 2238 2239 2261 2275 2280 2353 2385 2387 2396 2416 2424 2444 2495 2515 2525 2530 2561 2568 2573 2625 2637 2669 2670 2691 2702 2747 2760 2839 2878 2900 2917 2921 2955 2992 3012 3027 3042 3047 3048 3088 3119 3127 3135 3139 3161 3167 3173 3180 3211 3219 3244 3247 3300 3308 3318 3322 3325 3328 3330 3331 3333 3350 3382 3385 3411 3425 3442 3451 3453 3454 3455 3483 3503 3514 3528 3541 3554 3570 3577 3585 3596 3607 3616 3635 3643 3657 3660 3668 3674 3690 3695 3714 3719 3729 3737 3745 3803 3861 3945 4008 4025 4033 4038 4092 4178 4186 4210 4271 4298 4338 4377 4385 4401 4425 4470 4557 4571 4611 4668 4670 4677 4683 4732 4762 4765 4784 4811 4851 4858 4885 4911 4938 4956;
Charset Partition_17 = 23 31 61 134 141 198 264 278 287 363 375 403 412 472 475 480 515 518 571 576 636 657 659 697 701 718 771 798 843 847 850 859 876 898 955 964 966 1036 1057 1092 1136 1149 1151 1215 1265 1267 1296 1315 1357 1364 1374 1389 1392 1404 1414 1433 1442 1448 1449 1461 1469 1487 1506 1511 1518 1561 1574 1598 1665 1674 1697 1732 1739 1745 1768 1780 1809 1838 1847 1878 1883 1914 1958 1976 1985 1992 1998 2003 2008 2130 2200 2224 2228 2256 2301 2307 2315 2343 2344 2347 2367 2373 2376 2392 2406 2466 2476 2486 2497 2504 2506 2529 2554 2558 2570 2608 2617 2627 2654 2690 2717 2810 2843 2870 2873 2936 2951 2961 2980 3017 3021 3044 3087 3096 3106 3121 3152 3155 3160 3162 3168 3171 3176 3186 3243 3246 3250 3262 3264 3284 3293 3320 3326 3339 3344 3347 3363 3378 3386 3388 3389 3393 3400 3402 3404 3444 3485 3501 3504 3526 3530 3538 3545 3548 3552 3559 3576 3579 3590 3612 3619 3625 3632 3646 3648 3650 3680 3693 3709 3730 3732 3740 3748 3786 3821 3880 3892 3932 3944 3959 3976 4002 4031 4088 4107 4118 4147 4246 4326 4348 4386 4420 4442 4446 4448 4458 4481 4494 4578 4622 4684 4696 4698 4704 4764 4773 4793 4830 4835 4863 4864 4867 4931 4933 4934 4936 4945 4980;
Charset Partition_18 = 34 56 59 77 122 127 167 186 246 261 265 282 299 302 311 313 337 369 380 424 442 460 461 467 529 564 581 592 597 605 709 729 732 758 770 782 791 837 851 875 893 908 973 1017 1022 1031 1041 1058 1072 1138 1141 1195 1233 1276 1277 1282 1355 1360 1378 1382 1387 1391 1407 1417 1497 1499 1504 1519 1522 1577 1578 1617 1654 1676 1682 1722 1728 1767 1782 1796 1797 1830 1858 1859 1888 1901 1966 1969 1977 1989 1993 2011 2027 2042 2046 2050 2054 2062 2069 2078 2093 2116 2117 2120 2213 2219 2247 2283 2302 2437 2496 2499 2508 2521 2540 2542 2566 2576 2582 2583 2741 2742 2791 2795 2811 2814 2825 2856 2891 2897 2899 2902 2929 2935 2938 2950 2976 2995 3015 3019 3071 3122 3142 3154 3164 3178 3196 3197 3201 3209 3221 3234 3270 3271 3272 3298 3304 3311 3351 3352 3370 3371 3374 3375 3415 3426 3458 3463 3467 3473 3477 3482 3487 3499 3513 3524 3537 3544 3558 3562 3581 3584 3592 3599 3610 3617 3618 3628 3636 3638 3665 3694 3700 3710 3713 3720 3724 3734 3777 3784 3823 3825 3841 3858 3918 3926 4009 4016 4026 4040 4094 4112 4123 4148 4196 4284 4305 4334 4435 4438 4489 4490 4504 4523 4554 4572 4581 4582 4600 4617 4631 4646 4659 4660 4669 4694 4706 4720 4731 4749 4777 4802 4806 4824 4827 4834 4842 4845 4861 4870 4871 4882 4906 4910 4913 4926 4964 4983 4986;
Charset Partition_19 = 11 12 58 66 67 87 90 120 146 159 162 176 196 236 314 318 322 348 358 390 432 451 458 465 468 504 526 548 562 572 654 670 695 696 720 754 757 759 776 809 856 865 887 963 983 992 1035 1039 1048 1052 1062 1109 1128 1133 1137 1172 1183 1237 1290 1292 1314 1323 1326 1335 1337 1366 1369 1383 1411 1434 1437 1438 1455 1458 1462 1468 1477 1501 1512 1521 1528 1538 1543 1546 1553 1576 1588 1597 1604 1623 1628 1629 1640 1644 1670 1683 1705 1743 1754 1776 1786 1793 1799 1879 1884 1889 2044 2088 2110 2127 2148 2159 2174 2177 2212 2221 2240 2260 2276 2278 2288 2300 2309 2326 2345 2346 2348 2351 2363 2398 2410 2428 2469 2481 2498 2501 2509 2513 2517 2518 2534 2539 2559 2584 2597 2612 2631 2652 2659 2667 2705 2715 2729 2745 2755 2768 2769 2771 2777 2801 2805 2853 2861 2895 2896 2904 2920 2928 2941 2954 2959 2962 2977 2979 2989 3056 3073 3081 3104 3118 3126 3143 3148 3163 3183 3195 3198 3212 3214 3218 3225 3231 3242 3249 3252 3257 3266 3267 3269 3280 3286 3294 3301 3303 3307 3319 3324 3341 3342 3362 3377 3407 3412 3422 3461 3466 3469 3491 3492 3500 3515 3527 3540 3547 3560 3609 3621 3651 3669 3684 3685 3689 3692 3696 3704 3706 3708 3712 3735 3739 3743 3768 3813 3876 3886 3890 3901 3929 3966 3983 3995 4011 4036 4108 4179 4224 4228 4234 4259 4324 4406 4439 4457 4462 4466 4474 4501 4509 4516 4522 4528 4533 4541 4555 4562 4573 4574 4575 4591 4632 4679 4692 4705 4717 4727 4738 4741 4761 4780 4781 4809 4865 4915 4937 4946 4953 4969;
Charset Partition_20 = 1 16 22 25 53 81 89 101 147 153 155 156 165 180 185 191 202 214 216 219 235 238 268 269 305 329 335 338 376 397 405 448 452 456 471 478 493 522 554 579 586 589 595 615 630 645 664 672 764 783 839 864 902 927 936 978 988 1005 1055 1090 1105 1143 1145 1188 1216 1227 1255 1262 1294 1309 1317 1330 1333 1362 1415 1425 1441 1454 1464 1479 1480 1481 1486 1489 1495 1498 1505 1509 1524 1525 1539 1552 1560 1567 1573 1585 1647 1650 1651 1669 1686 1688 1701 1707 1718 1731 1760 1765 1769 1788 1791 1806 1814 1833 1851 1862 1863 1874 1877 1911 1921 1931 1932 1938 1940 1951 1957 1961 2020 2026 2028 2034 2038 2063 2073 2080 2083 2089 2094 2114 2129 2138 2145 2147 2193 2201 2217 2237 2262 2269 2285 2312 2323 2337 2341 2361 2369 2378 2383 2400 2429 2434 2464 2474 2487 2488 2493 2503 2514 2522 2523 2565 2580 2581 2591 2593 2595 2606 2623 2629 2639 2645 2656 2660 2662 2664 2666 2676 2688 2714 2736 2740 2785 2797 2833 2865 2868 2874 2912 2940 2944 2945 2956 2957 2974 2978 3005 3006 3020 3057 3061 3101 3107 3116 3117 3131 3169 3172 3174 3181 3254 3255 3258 3278 3287 3323 3337 3338 3340 3354 3397 3398 3432 3448 3456 3459 3510 3522 3532 3546 3556 3561 3567 3568 3569 3583 3589 3611 3620 3622 3658 3670 3673 3691 3736 3791 3806 3815 3827 3884 3903 3917 3947 4022 4024 4083 4170 4208 4217 4225 4269 4270 4278 4343 4371 4378 4408 4421 4444 4449 4464 4469 4472 4491 4498 4506 4519 4560 4569 4613 4619 4642 4666 4686 4733 4739 4758 4769 4799 4805 4823 4839 4866 4875 4880 4904 4941 4954 4960 4962 4972 4974 4991;
Charset Partition_21 = 6 26 69 74 121 133 154 170 212 272 279 286 292 297 326 347 354 364 365 385 409 416 446 464 534 535 540 551 566 568 580 585 590 601 619 633 650 687 716 725 751 777 800 803 821 874 883 942 951 1000 1016 1037 1038 1042 1087 1088 1113 1140 1182 1211 1225 1226 1238 1244 1246 1247 1260 1270 1271 1286 1310 1313 1321 1339 1347 1379 1384 1398 1409 1413 1416 1427 1435 1436 1502 1508 1513 1516 1520 1527 1531 1544 1592 1619 1621 1637 1638 1666 1681 1714 1723 1724 1726 1738 1750 1764 1778 1784 1787 1792 1816 1825 1843 1857 1873 1875 1876 1885 1887 1904 1919 1928 1943 1963 1965 1980 1984 1990 2018 2033 2053 2077 2084 2092 2102 2124 2133 2135 2137 2150 2154 2157 2163 2171 2175 2179 2180 2181 2188 2191 2194 2197 2205 2207 2208 2216 2229 2243 2254 2255 2279 2303 2319 2320 2329 2334 2362 2397 2404 2409 2421 2441 2450 2468 2485 2490 2500 2512 2549 2567 2585 2588 2589 2602 2621 2632 2663 2679 2696 2704 2716 2722 2730 2734 2752 2772 2815 2823 2829 2854 2862 2876 2892 2939 2947 2972 2981 2982 2994 3008 3023 3054 3068 3111 3137 3149 3175 3177 3187 3205 3230 3237 3238 3259 3276 3291 3295 3306 3313 3334 3348 3360 3364 3369 3376 3379 3383 3413 3428 3443 3457 3489 3490 3508 3516 3563 3572 3578 3588 3615 3626 3630 3633 3634 3655 3659 3666 3667 3672 3676 3678 3686 3728 3741 3746 3760 3780 3788 3797 3802 3819 3915 3925 3930 3939 3950 4012 4021 4032 4063 4066 4091 4097 4100 4102 4115 4130 4133 4176 4188 4211 4264 4283 4289 4312 4360 4394 4417 4428 4443 4485 4505 4520 4536 4544 4567 4580 4590 4609 4610 4626 4628 4638 4653 4655 4661 4665 4685 4697 4707 4708 4726 4742 4746 4750 4759 4776 4782 4801 4816 4829 4853 4908 4920 4935 4977 4990 4998 5000;
Charset Partition_22 = 4 9 33 46 52 60 100 107 110 132 137 145 150 166 175 190 193 208 211 232 233 248 260 275 295 307 315 321 336 356 357 362 379 384 399 434 440 441 445 449 476 496 508 509 530 531 558 560 575 613 623 634 635 638 641 669 677 738 769 785 790 816 917 918 935 937 993 1006 1007 1008 1009 1011 1029 1098 1106 1108 1124 1135 1185 1219 1278 1288 1297 1301 1312 1338 1345 1348 1356 1386 1395 1412 1420 1428 1443 1444 1453 1457 1471 1485 1494 1496 1532 1534 1541 1555 1556 1580 1594 1599 1610 1622 1634 1636 1643 1652 1656 1661 1664 1684 1696 1704 1727 1730 1772 1819 1823 1834 1841 1846 1852 1866 1869 1872 1902 1909 1912 1918 1925 1936 1947 1968 1982 2022 2024 2055 2057 2072 2075 2104 2184 2210 2214 2223 2233 2265 2271 2290 2293 2294 2296 2297 2304 2324 2354 2356 2368 2381 2388 2394 2395 2403 2422 2430 2436 2449 2460 2461 2470 2482 2491 2516 2550 2551 2560 2562 2600 2658 2682 2699 2711 2718 2721 2724 2725 2746 2787 2798 2804 2817 2832 2838 2844 2849 2858 2932 2946 2964 2966 2975 2986 2993 2999 3031 3032 3059 3067 3097 3098 3115 3129 3130 3150 3158 3188 3194 3204 3210 3215 3232 3236 3265 3268 3282 3292 3309 3314 3335 3349 3356 3390 3401 3417 3429 3434 3440 3445 3462 3507 3536 3543 3571 3593 3595 3613 3627 3631 3664 3675 3679 3721 3725 3742 3750 3789 3812 3842 3857 3862 3869 3879 3943 3955 3963 3974 3985 3996 4003 4010 4013 4037 4043 4050 4052 4072 4078 4082 4103 4105 4127 4151 4181 4233 4265 4285 4329 4344 4345 4363 4382 4410 4426 4433 4434 4450 4480 4483 4487 4488 4495 4513 4524 4530 4545 4547 4577 4589 4592 4594 4639 4643 4651 4680 4681 4690 4702 4713 4725 4754 4756 4757 4795 4812 4828 4856 4859 4860 4899 4918 4932 4952 4963 4970 4975;
Charset Partition_23 = 20 24 62 70 91 96 98 125 139 158 209 234 263 273 284 303 319 325 342 402 423 426 429 436 474 502 512 516 536 547 591 594 599 611 681 721 723 749 760 781 787 848 862 877 906 915 956 971 999 1046 1060 1085 1091 1134 1186 1213 1231 1239 1243 1251 1256 1258 1269 1273 1298 1316 1334 1359 1380 1400 1402 1408 1430 1440 1451 1452 1488 1503 1530 1583 1589 1590 1614 1631 1642 1657 1660 1671 1702 1733 1742 1752 1762 1770 1795 1804 1810 1829 1844 1853 1854 1880 1881 1920 1922 1924 1927 1930 1949 1955 1967 1978 2009 2010 2012 2037 2058 2059 2070 2076 2090 2100 2111 2123 2126 2134 2152 2161 2170 2173 2176 2187 2190 2192 2199 2211 2222 2227 2235 2242 2252 2257 2263 2274 2295 2322 2327 2328 2355 2364 2382 2389 2415 2426 2439 2443 2453 2479 2527 2543 2545 2547 2569 2577 2628 2678 2681 2684 2744 2756 2764 2767 2770 2773 2796 2799 2812 2831 2845 2867 2894 2905 2907 2919 2922 2931 2942 2952 2967 2970 2971 2985 3000 3001 3016 3030 3039 3053 3055 3063 3084 3091 3157 3213 3228 3275 3281 3296 3357 3391 3452 3465 3486 3493 3509 3520 3529 3531 3535 3542 3598 3601 3629 3645 3649 3681 3702 3744 3766 3782 3828 3839 3853 3893 3921 3938 3946 3948 4048 4049 4064 4095 4114 4132 4134 4136 4145 4162 4174 4184 4199 4207 4209 4247 4253 4272 4310 4349 4374 4405 4409 4423 4447 4465 4468 4477 4482 4484 4502 4503 4518 4534 4552 4565 4584 4614 4627 4658 4667 4721 4843 4862 4897 4923 4930 4944 4947 4961 4979;
Charset Partition_24 = 3 5 15 18 37 47 75 76 78 86 99 106 126 140 151 163 164 174 206 210 229 230 240 244 253 257 258 271 288 289 293 294 298 306 323 334 349 353 383 393 401 410 417 420 466 488 494 507 521 527 528 553 577 584 596 603 614 625 642 651 736 747 786 793 867 881 945 950 961 1067 1069 1075 1081 1093 1165 1187 1191 1209 1228 1261 1279 1295 1306 1324 1349 1363 1368 1373 1385 1405 1406 1410 1422 1447 1459 1523 1535 1551 1557 1559 1571 1593 1605 1648 1667 1673 1698 1715 1717 1753 1756 1761 1842 1849 1870 1905 1944 1954 1975 2023 2036 2051 2060 2061 2067 2074 2091 2097 2098 2136 2156 2186 2251 2272 2273 2292 2310 2342 2384 2393 2405 2420 2431 2440 2446 2452 2462 2472 2484 2489 2528 2541 2546 2574 2598 2619 2624 2634 2650 2653 2672 2700 2713 2737 2754 2765 2779 2786 2790 2794 2827 2841 2852 2871 2879 2883 2888 2890 3022 3029 3045 3049 3064 3072 3080 3092 3095 3125 3193 3263 3289 3310 3315 3317 3365 3423 3449 3496 3498 3604 3605 3663 3705 3711 3722 3727 3762 3770 3781 3785 3837 3856 3887 3904 3912 3928 4014 4067 4071 4074 4106 4129 4161 4173 4198 4215 4227 4230 4238 4239 4244 4257 4303 4342 4347 4358 4379 4380 4388 4389 4414 4418 4441 4456 4467 4496 4510 4514 4525 4527 4551 4593 4598 4630 4673 4675 4700 4712 4715 4723 4740 4760 4770 4785 4788 4807 4810 4822 4836 4847 4854 4872 4874 4884 4890 4898 4927 4942 4966 4968 4971 4973 4978 4981;
Charset Partition_25 = 2 28 63 65 73 82 83 103 104 128 143 169 199 207 227 254 281 283 296 301 316 328 340 406 407 414 418 431 484 487 489 513 519 523 532 538 539 552 570 587 588 598 612 620 622 632 644 649 655 678 735 763 805 836 844 854 861 863 882 888 890 903 928 944 998 1001 1018 1030 1082 1094 1096 1114 1120 1123 1158 1166 1174 1176 1232 1240 1254 1280 1367 1376 1377 1401 1473 1490 1562 1564 1569 1570 1582 1596 1615 1641 1645 1659 1700 1721 1741 1773 1774 1789 1790 1794 1807 1811 1839 1860 1935 1953 1964 1996 2006 2013 2016 2019 2032 2049 2056 2068 2071 2082 2085 2112 2115 2140 2162 2185 2198 2204 2206 2215 2236 2241 2244 2246 2258 2270 2277 2281 2317 2331 2339 2340 2386 2478 2483 2492 2511 2555 2590 2720 2750 2850 2872 2898 2926 2943 2973 2983 2996 3011 3028 3037 3050 3085 3110 3112 3113 3132 3159 3185 3189 3199 3327 3420 3549 3608 3792 3795 3807 3831 3846 3847 3859 3905 3916 3927 3952 3968 3973 3980 4007 4034 4069 4086 4153 4166 4192 4194 4206 4221 4235 4267 4273 4290 4314 4316 4320 4356 4357 4387 4397 4402 4411 4413 4437 4445 4471 4500 4542 4553 4556 4563 4566 4599 4605 4612 4682 4687 4689 4691 4701 4703 4718 4751 4813 4815 4817 4825 4840 4849 4892 4907 4919 4948 4951 4985 4989 4994;
Charset Partition_26 = 29 44 111 131 136 148 195 223 242 320 333 361 382 400 419 427 438 444 454 506 608 631 658 675 688 699 707 744 753 765 780 789 808 815 830 846 871 879 892 904 916 925 967 985 986 994 1013 1033 1049 1050 1061 1063 1066 1107 1130 1142 1144 1153 1160 1189 1218 1229 1274 1327 1332 1346 1351 1372 1390 1529 1537 1547 1586 1587 1595 1600 1603 1606 1611 1618 1630 1633 1662 1677 1689 1771 1783 1785 1812 1827 1836 1837 1867 1893 1929 1937 1962 2000 2004 2007 2014 2021 2045 2079 2087 2106 2232 2249 2267 2268 2298 2311 2349 2379 2401 2433 2448 2455 2456 2471 2494 2526 2537 2548 2552 2599 2611 2643 2647 2665 2692 2712 2727 2761 2776 2808 2818 2848 2884 2893 2908 2969 3025 3062 3165 3170 3220 3435 3437 3644 3701 3752 3776 3794 3798 3829 3835 3840 3863 3866 3878 3902 3911 3931 3989 4000 4029 4041 4047 4077 4093 4135 4139 4142 4150 4154 4163 4171 4172 4183 4195 4214 4222 4223 4241 4311 4323 4330 4384 4396 4399 4404 4427 4451 4499 4521 4558 4597 4603 4608 4621 4624 4652 4676 4735 4743 4752 4787 4818 4826 4831 4833 4841 4912 4950 4957 4997;
Charset Partition_27 = 7 8 41 49 54 64 105 108 114 187 188 200 205 213 252 277 309 310 324 330 331 343 350 360 387 389 396 457 470 533 583 648 661 663 673 689 702 727 742 772 774 797 807 842 912 940 949 990 1002 1010 1019 1044 1045 1053 1068 1100 1110 1161 1196 1249 1252 1285 1293 1350 1354 1388 1423 1424 1460 1466 1476 1545 1549 1554 1680 1687 1708 1719 1749 1826 1832 1855 1864 1865 1892 1981 1999 2005 2101 2128 2141 2178 2358 2359 2370 2371 2380 2413 2417 2425 2502 2507 2535 2571 2586 2633 2680 2706 2763 2835 2840 2863 2869 2886 2909 2915 2948 2953 2958 3041 3069 3108 3156 3200 3345 3624 3753 3757 3761 3787 3800 3810 3822 3836 3867 3907 3910 3923 3940 3958 3964 3967 3977 3986 4027 4039 4087 4089 4126 4137 4141 4144 4156 4177 4189 4201 4212 4255 4266 4288 4302 4319 4337 4383 4430 4432 4546 4550 4583 4588 4606 4618 4640 4657 4663 4678 4716 4722 4745 4747 4748 4791 4800 4850 4917 4928 4929 4940 4976;
Charset Partition_28 = 45 68 88 93 119 124 160 172 259 388 392 450 463 500 510 514 520 573 600 604 691 708 711 731 778 779 794 823 824 825 895 909 931 957 970 989 1004 1015 1034 1051 1065 1078 1111 1118 1122 1157 1167 1173 1175 1177 1230 1241 1399 1472 1482 1491 1579 1624 1635 1639 1692 1694 1713 1748 1757 1758 1808 1822 1861 1899 1907 1923 1946 1959 1960 1986 1995 2048 2052 2107 2132 2209 2250 2284 2286 2321 2357 2459 2553 2575 2616 2673 2689 2775 2780 2784 2802 2828 2864 2881 2903 2906 2937 2949 3038 3103 3114 3594 3759 3771 3833 3855 3875 3899 3909 3936 3969 3970 3972 3992 4019 4035 4051 4059 4065 4076 4084 4117 4122 4152 4167 4205 4220 4226 4274 4300 4341 4353 4367 4369 4370 4415 4431 4455 4535 4587 4607 4615 4641 4671 4699 4714 4774 4783 4786 4820 4855 4878 4883 4888 4900 4901 4955 4988 4992 4993;
Charset Partition_29 = 50 55 57 112 113 168 183 203 256 352 366 377 430 443 501 593 626 643 646 674 683 713 750 784 799 806 810 814 818 831 841 880 884 907 921 932 934 939 947 977 979 1054 1064 1076 1086 1095 1104 1115 1121 1125 1127 1146 1162 1169 1170 1179 1181 1184 1199 1201 1212 1266 1272 1305 1394 1572 1608 1646 1691 1716 1779 1781 1882 1908 1913 2002 2039 2065 2109 2202 2218 2230 2264 2266 2282 2365 2399 2454 2605 2668 2701 2759 2820 2927 2933 3046 3052 3060 3359 3406 3431 3754 3758 3799 3817 3820 3824 3851 3877 3883 3900 3934 3951 3956 3987 4018 4055 4070 4104 4169 4200 4204 4231 4260 4263 4276 4291 4317 4322 4335 4340 4463 4473 4538 4549 4561 4634 4644 4766 4768 4832 4852 4967;
Charset Partition_30 = 30 35 36 40 102 115 116 224 250 317 355 367 455 469 479 481 525 537 543 629 671 679 685 730 752 813 817 849 869 873 878 923 926 943 954 981 1071 1077 1116 1126 1155 1190 1193 1248 1264 1431 1478 1533 1536 1602 1709 1803 1824 1871 1900 1910 1933 1950 1971 1997 2031 2151 2182 2248 2291 2338 2372 2418 2419 2435 2458 2524 2620 2644 2703 3082 3083 3093 3830 3838 3843 3845 3848 3849 3872 3874 3895 3937 3942 4004 4006 4042 4061 4062 4109 4111 4165 4168 4229 4251 4286 4306 4308 4331 4351 4352 4365 4422 4440 4475 4478 4517 4539 4548 4636 4763 4775 4779 4848 4903;
Charset Partition_31 = 10 32 84 92 94 95 117 123 144 152 178 179 184 189 197 201 204 217 218 222 237 241 243 249 270 276 290 291 308 332 344 346 374 381 411 425 435 437 447 453 477 495 542 545 546 550 555 556 557 559 563 565 567 569 574 578 621 627 628 637 639 652 653 662 666 676 682 692 693 694 706 712 714 722 724 726 733 737 741 743 748 755 761 762 767 768 773 775 788 795 796 802 811 812 820 827 833 834 835 838 840 845 852 857 858 860 866 868 870 894 896 899 910 911 914 920 922 938 946 952 958 960 965 968 969 972 975 976 980 991 997 1003 1012 1020 1021 1023 1024 1026 1032 1040 1047 1056 1059 1070 1073 1074 1079 1084 1097 1099 1102 1112 1129 1131 1139 1147 1148 1150 1152 1156 1164 1168 1171 1180 1192 1194 1198 1200 1202 1203 1204 1205 1207 1210 1214 1217 1220 1222 1224 1235 1236 1242 1245 1250 1259 1275 1287 1299 1303 1331 1370 1396 1450 1456 1463 1465 1470 1474 1492 1507 1526 1558 1584 1616 1655 1679 1685 1710 1720 1736 1747 1766 1802 1828 1831 1835 1845 1898 1906 1915 1939 1945 1948 1970 1987 1988 2015 2030 2041 2064 2095 2099 2113 2119 2121 2125 2165 2167 2172 2195 2259 2299 2306 2308 2313 2318 2333 2360 2374 2377 2407 2408 2414 2442 2445 2451 2475 2477 2532 2533 2536 2563 2579 2630 2657 2707 2757 2766 2789 2813 2836 2846 2880 2887 2910 2913 2925 2968 3003 3034 3043 3058 3066 3109 3518 3751 3755 3756 3763 3767 3769 3772 3773 3774 3775 3778 3779 3790 3801 3804 3805 3808 3816 3818 3826 3832 3844 3852 3860 3865 3868 3870 3871 3881 3882 3888 3889 3896 3897 3919 3922 3935 3941 3949 3953 3962 3965 3971 3975 3979 3981 3984 3990 3993 3994 3997 4005 4020 4023 4030 4045 4053 4056 4058 4060 4073 4075 4079 4080 4081 4085 4090 4096 4098 4101 4113 4116 4119 4120 4124 4128 4131 4140 4146 4149 4157 4158 4159 4160 4185 4191 4193 4197 4202 4203 4213 4216 4218 4219 4232 4236 4237 4240 4242 4243 4245 4250 4254 4256 4258 4261 4262 4275 4279 4280 4281 4287 4293 4295 4301 4307 4309 4315 4318 4321 4327 4339 4350 4354 4355 4359 4361 4362 4364 4366 4372 4373 4375 4376 4390 4393 4400 4452 4459 4461 4476 4492 4512 4526 4537 4568 4570 4595 4596 4616 4623 4637 4645 4647 4662 4724 4729 4744 4771 4789 4794 4803 4808 4838 4873 4876 4896 4902 4909 4921 4943 4982;
partition Partitions = 31: Partition_1, Partition_2, Partition_3, Partition_4, Partition_5, Partition_6, Partition_7, Partition_8, Partition_9, Partition_10, Partition_11, Partition_12, Partition_13, Partition_14, Partition_15, Partition_16, Partition_17, Partition_18, Partition_19, Partition_20, Partition_21, Partition_22, Partition_23, Partition_24, Partition_25, Partition_26, Partition_27, Partition_28, Partition_29, Partition_30, Partition_31;
set partition = Partitions;


PHYLIP  style
DNA, Partition_1 = 2505, 2719, 2990, 4893
DNA, Partition_2 = 1154, 2686
DNA, Partition_3 = 373, 2648, 2842, 3007, 3086, 3206, 3834
DNA, Partition_4 = 226, 428, 717, 1119, 1353, 1763, 2538, 2934, 2960, 3013, 3040, 3416, 3793, 4772, 4881
DNA, Partition_5 = 822, 1302, 1517, 1956, 2556, 2572, 2587, 2596, 2614, 2638, 2749, 2965, 3010, 3065, 3089, 3184, 3222, 3290, 3358, 3394, 3408, 3419, 3484, 3580, 3717, 4460, 4778
DNA, Partition_6 = 262, 503, 919, 1432, 1445, 2687, 2693, 3100, 3336, 3597, 3641, 3715, 4248, 4767, 4916
DNA, Partition_7 = 48, 312, 524, 607, 1740, 1821, 2169, 2305, 2601, 2674, 2726, 2792, 2963, 3004, 3074, 3128, 3153, 3229, 3564, 3586, 3677, 3891, 4381, 4392, 4579, 4857
DNA, Partition_8 = 181, 285, 404, 490, 582, 929, 959, 984, 1083, 1163, 1284, 1300, 1344, 1475, 1542, 1672, 2081, 2149, 2234, 2289, 2748, 2758, 2857, 2875, 2877, 2889, 2914, 2998, 3002, 3076, 3105, 3226, 3233, 3239, 3297, 3410, 3418, 3433, 3566, 3603, 3809, 4277, 4325, 4391, 4398, 4416, 4454, 4959
DNA, Partition_9 = 14, 51, 215, 304, 617, 667, 668, 700, 886, 1281, 1318, 1678, 1695, 1703, 1712, 2105, 2108, 2160, 2391, 2467, 2578, 2613, 2618, 2622, 2635, 2636, 2778, 2803, 3014, 3077, 3102, 3141, 3253, 3525, 3565, 3575, 3656, 3723, 3850, 4015, 4515, 4585, 4620, 4889, 4894, 4895, 4924
DNA, Partition_10 = 19, 39, 345, 483, 610, 680, 703, 705, 953, 1101, 1328, 1403, 1419, 1467, 1568, 1649, 1663, 1817, 1917, 1934, 2066, 2086, 2336, 2390, 2402, 2427, 2438, 2609, 2641, 2655, 2677, 2723, 2732, 2751, 2816, 2837, 2847, 2855, 2997, 3009, 3075, 3123, 3145, 3151, 3191, 3372, 3405, 3439, 3488, 3495, 3555, 3652, 3697, 3913, 4180, 4187, 4328, 4395, 4403, 4529, 4559, 4564, 4633, 4654, 4656, 4709, 4719, 4734, 4925, 4939
DNA, Partition_11 = 138, 182, 228, 266, 359, 413, 497, 517, 704, 710, 728, 734, 756, 792, 819, 828, 855, 900, 901, 1089, 1132, 1283, 1308, 1329, 1341, 1514, 1675, 1699, 1775, 1896, 1983, 2040, 2196, 2220, 2231, 2510, 2544, 2607, 2642, 2675, 2683, 2860, 2923, 3033, 3051, 3078, 3120, 3124, 3134, 3138, 3192, 3216, 3368, 3414, 3474, 3557, 3591, 3642, 3764, 3873, 3933, 3978, 3998, 4044, 4138, 4313, 4543, 4576, 4635, 4755, 4804, 4846, 4999
DNA, Partition_12 = 79, 161, 171, 173, 194, 274, 394, 395, 473, 505, 541, 618, 698, 933, 948, 995, 1103, 1197, 1289, 1320, 1336, 1352, 1375, 1484, 1607, 1693, 1729, 1734, 1751, 1798, 1801, 1891, 1942, 1972, 1979, 1994, 2158, 2189, 2411, 2447, 2463, 2473, 2557, 2594, 2649, 2651, 2694, 2708, 2806, 2822, 2882, 2991, 3070, 3090, 3190, 3223, 3251, 3273, 3396, 3399, 3409, 3421, 3470, 3494, 3519, 3600, 3637, 3661, 3698, 3703, 3796, 3906, 3961, 4028, 4054, 4099, 4155, 4164, 4190, 4252, 4299, 4407, 4540, 4586, 4601, 4602, 4649, 4650, 4693, 4819, 4844, 4879
DNA, Partition_13 = 21, 43, 85, 97, 142, 157, 192, 220, 280, 371, 372, 415, 462, 606, 609, 739, 829, 889, 996, 1208, 1221, 1257, 1268, 1393, 1397, 1426, 1429, 1483, 1510, 1540, 1548, 1565, 1620, 1632, 1653, 1668, 1759, 1805, 1886, 1895, 2001, 2047, 2103, 2144, 2168, 2253, 2330, 2352, 2423, 2604, 2661, 2697, 2738, 2739, 2753, 2783, 2819, 2859, 2924, 2988, 3024, 3036, 3079, 3099, 3179, 3182, 3235, 3241, 3260, 3261, 3283, 3312, 3380, 3392, 3395, 3403, 3436, 3438, 3441, 3446, 3447, 3450, 3476, 3481, 3505, 3512, 3539, 3550, 3551, 3582, 3587, 3602, 3707, 3747, 3783, 3814, 3854, 3864, 3920, 3924, 3954, 3960, 3988, 3999, 4068, 4110, 4125, 4182, 4282, 4292, 4332, 4419, 4424, 4429, 4436, 4486, 4508, 4531, 4625, 4629, 4648, 4753, 4792, 4796, 4868, 4987
DNA, Partition_14 = 27, 71, 72, 109, 221, 245, 247, 255, 267, 341, 391, 408, 433, 459, 498, 511, 544, 549, 602, 647, 690, 715, 740, 801, 804, 913, 941, 974, 1117, 1159, 1178, 1206, 1253, 1263, 1304, 1340, 1342, 1421, 1493, 1563, 1575, 1609, 1625, 1626, 1690, 1735, 1737, 1818, 1894, 1897, 1973, 1974, 2025, 2035, 2139, 2146, 2155, 2164, 2166, 2203, 2314, 2332, 2335, 2350, 2366, 2375, 2412, 2457, 2480, 2520, 2531, 2610, 2731, 2733, 2735, 2762, 2774, 2793, 2821, 2824, 2834, 2901, 2916, 2918, 3018, 3026, 3136, 3144, 3146, 3147, 3166, 3202, 3203, 3208, 3224, 3240, 3277, 3288, 3302, 3316, 3329, 3343, 3346, 3353, 3355, 3361, 3367, 3373, 3381, 3387, 3464, 3468, 3471, 3480, 3497, 3506, 3511, 3517, 3521, 3533, 3534, 3606, 3614, 3654, 3662, 3682, 3699, 3718, 3765, 3811, 3885, 4017, 4121, 4143, 4175, 4297, 4304, 4333, 4346, 4368, 4412, 4507, 4511, 4532, 4604, 4672, 4695, 4711, 4736, 4737, 4797, 4821, 4837, 4887, 4905, 4914, 4922, 4965, 4984, 4995, 4996
DNA, Partition_15 = 13, 17, 80, 118, 129, 225, 239, 251, 300, 339, 351, 368, 378, 386, 398, 482, 486, 491, 492, 640, 684, 745, 746, 766, 832, 891, 897, 905, 924, 930, 1025, 1028, 1080, 1234, 1311, 1322, 1358, 1371, 1418, 1446, 1500, 1515, 1566, 1591, 1601, 1612, 1706, 1744, 1746, 1755, 1813, 1820, 1840, 1850, 1856, 1868, 1903, 2029, 2043, 2118, 2122, 2142, 2153, 2225, 2245, 2287, 2316, 2325, 2432, 2465, 2519, 2564, 2592, 2603, 2615, 2626, 2640, 2646, 2671, 2685, 2695, 2698, 2709, 2710, 2728, 2743, 2781, 2782, 2788, 2800, 2807, 2809, 2826, 2830, 2851, 2866, 2885, 2911, 2930, 2984, 2987, 3035, 3094, 3133, 3140, 3207, 3217, 3227, 3245, 3248, 3256, 3274, 3279, 3285, 3299, 3305, 3321, 3332, 3366, 3384, 3424, 3427, 3430, 3460, 3472, 3475, 3478, 3479, 3502, 3523, 3553, 3573, 3574, 3623, 3639, 3640, 3647, 3653, 3671, 3683, 3687, 3688, 3716, 3726, 3731, 3733, 3738, 3749, 3894, 3898, 3908, 3914, 3957, 3982, 3991, 4001, 4046, 4057, 4249, 4268, 4294, 4296, 4336, 4453, 4479, 4493, 4497, 4664, 4674, 4688, 4710, 4728, 4730, 4790, 4798, 4814, 4869, 4877, 4886, 4891, 4949, 4958
DNA, Partition_16 = 38, 42, 130, 135, 149, 177, 231, 327, 370, 421, 422, 439, 485, 499, 561, 616, 624, 656, 660, 665, 686, 719, 826, 853, 872, 885, 962, 982, 987, 1014, 1027, 1043, 1223, 1291, 1307, 1319, 1325, 1343, 1361, 1365, 1381, 1439, 1550, 1581, 1613, 1627, 1658, 1711, 1725, 1777, 1800, 1815, 1848, 1890, 1916, 1926, 1941, 1952, 1991, 2017, 2096, 2131, 2143, 2183, 2226, 2238, 2239, 2261, 2275, 2280, 2353, 2385, 2387, 2396, 2416, 2424, 2444, 2495, 2515, 2525, 2530, 2561, 2568, 2573, 2625, 2637, 2669, 2670, 2691, 2702, 2747, 2760, 2839, 2878, 2900, 2917, 2921, 2955, 2992, 3012, 3027, 3042, 3047, 3048, 3088, 3119, 3127, 3135, 3139, 3161, 3167, 3173, 3180, 3211, 3219, 3244, 3247, 3300, 3308, 3318, 3322, 3325, 3328, 3330, 3331, 3333, 3350, 3382, 3385, 3411, 3425, 3442, 3451, 3453, 3454, 3455, 3483, 3503, 3514, 3528, 3541, 3554, 3570, 3577, 3585, 3596, 3607, 3616, 3635, 3643, 3657, 3660, 3668, 3674, 3690, 3695, 3714, 3719, 3729, 3737, 3745, 3803, 3861, 3945, 4008, 4025, 4033, 4038, 4092, 4178, 4186, 4210, 4271, 4298, 4338, 4377, 4385, 4401, 4425, 4470, 4557, 4571, 4611, 4668, 4670, 4677, 4683, 4732, 4762, 4765, 4784, 4811, 4851, 4858, 4885, 4911, 4938, 4956
DNA, Partition_17 = 23, 31, 61, 134, 141, 198, 264, 278, 287, 363, 375, 403, 412, 472, 475, 480, 515, 518, 571, 576, 636, 657, 659, 697, 701, 718, 771, 798, 843, 847, 850, 859, 876, 898, 955, 964, 966, 1036, 1057, 1092, 1136, 1149, 1151, 1215, 1265, 1267, 1296, 1315, 1357, 1364, 1374, 1389, 1392, 1404, 1414, 1433, 1442, 1448, 1449, 1461, 1469, 1487, 1506, 1511, 1518, 1561, 1574, 1598, 1665, 1674, 1697, 1732, 1739, 1745, 1768, 1780, 1809, 1838, 1847, 1878, 1883, 1914, 1958, 1976, 1985, 1992, 1998, 2003, 2008, 2130, 2200, 2224, 2228, 2256, 2301, 2307, 2315, 2343, 2344, 2347, 2367, 2373, 2376, 2392, 2406, 2466, 2476, 2486, 2497, 2504, 2506, 2529, 2554, 2558, 2570, 2608, 2617, 2627, 2654, 2690, 2717, 2810, 2843, 2870, 2873, 2936, 2951, 2961, 2980, 3017, 3021, 3044, 3087, 3096, 3106, 3121, 3152, 3155, 3160, 3162, 3168, 3171, 3176, 3186, 3243, 3246, 3250, 3262, 3264, 3284, 3293, 3320, 3326, 3339, 3344, 3347, 3363, 3378, 3386, 3388, 3389, 3393, 3400, 3402, 3404, 3444, 3485, 3501, 3504, 3526, 3530, 3538, 3545, 3548, 3552, 3559, 3576, 3579, 3590, 3612, 3619, 3625, 3632, 3646, 3648, 3650, 3680, 3693, 3709, 3730, 3732, 3740, 3748, 3786, 3821, 3880, 3892, 3932, 3944, 3959, 3976, 4002, 4031, 4088, 4107, 4118, 4147, 4246, 4326, 4348, 4386, 4420, 4442, 4446, 4448, 4458, 4481, 4494, 4578, 4622, 4684, 4696, 4698, 4704, 4764, 4773, 4793, 4830, 4835, 4863, 4864, 4867, 4931, 4933, 4934, 4936, 4945, 4980
DNA, Partition_18 = 34, 56, 59, 77, 122, 127, 167, 186, 246, 261, 265, 282, 299, 302, 311, 313, 337, 369, 380, 424, 442, 460, 461, 467, 529, 564, 581, 592, 597, 605, 709, 729, 732, 758, 770, 782, 791, 837, 851, 875, 893, 908, 973, 1017, 1022, 1031, 1041, 1058, 1072, 1138, 1141, 1195, 1233, 1276, 1277, 1282, 1355, 1360, 1378, 1382, 1387, 1391, 1407, 1417, 1497, 1499, 1504, 1519, 1522, 1577, 1578, 1617, 1654, 1676, 1682, 1722, 1728, 1767, 1782, 1796, 1797, 1830, 1858, 1859, 1888, 1901, 1966, 1969, 1977, 1989, 1993, 2011, 2027, 2042, 2046, 2050, 2054, 2062, 2069, 2078, 2093, 2116, 2117, 2120, 2213, 2219, 2247, 2283, 2302, 2437, 2496, 2499, 2508, 2521, 2540, 2542, 2566, 2576, 2582, 2583, 2741, 2742, 2791, 2795, 2811, 2814, 2825, 2856, 2891, 2897, 2899, 2902, 2929, 2935, 2938, 2950, 2976, 2995, 3015, 3019, 3071, 3122, 3142, 3154, 3164, 3178, 3196, 3197, 3201, 3209, 3221, 3234, 3270, 3271, 3272, 3298, 3304, 3311, 3351, 3352, 3370, 3371, 3374, 3375, 3415, 3426, 3458, 3463, 3467, 3473, 3477, 3482, 3487, 3499, 3513, 3524, 3537, 3544, 3558, 3562, 3581, 3584, 3592, 3599, 3610, 3617, 3618, 3628, 3636, 3638, 3665, 3694, 3700, 3710, 3713, 3720, 3724, 3734, 3777, 3784, 3823, 3825, 3841, 3858, 3918, 3926, 4009, 4016, 4026, 4040, 4094, 4112, 4123, 4148, 4196, 4284, 4305, 4334, 4435, 4438, 4489, 4490, 4504, 4523, 4554, 4572, 4581, 4582, 4600, 4617, 4631, 4646, 4659, 4660, 4669, 4694, 4706, 4720, 4731, 4749, 4777, 4802, 4806, 4824, 4827, 4834, 4842, 4845, 4861, 4870, 4871, 4882, 4906, 4910, 4913, 4926, 4964, 4983, 4986
DNA, Partition_19 = 11, 12, 58, 66, 67, 87, 90, 120, 146, 159, 162, 176, 196, 236, 314, 318, 322, 348, 358, 390, 432, 451, 458, 465, 468, 504, 526, 548, 562, 572, 654, 670, 695, 696, 720, 754, 757, 759, 776, 809, 856, 865, 887, 963, 983, 992, 1035, 1039, 1048, 1052, 1062, 1109, 1128, 1133, 1137, 1172, 1183, 1237, 1290, 1292, 1314, 1323, 1326, 1335, 1337, 1366, 1369, 1383, 1411, 1434, 1437, 1438, 1455, 1458, 1462, 1468, 1477, 1501, 1512, 1521, 1528, 1538, 1543, 1546, 1553, 1576, 1588, 1597, 1604, 1623, 1628, 1629, 1640, 1644, 1670, 1683, 1705, 1743, 1754, 1776, 1786, 1793, 1799, 1879, 1884, 1889, 2044, 2088, 2110, 2127, 2148, 2159, 2174, 2177, 2212, 2221, 2240, 2260, 2276, 2278, 2288, 2300, 2309, 2326, 2345, 2346, 2348, 2351, 2363, 2398, 2410, 2428, 2469, 2481, 2498, 2501, 2509, 2513, 2517, 2518, 2534, 2539, 2559, 2584, 2597, 2612, 2631, 2652, 2659, 2667, 2705, 2715, 2729, 2745, 2755, 2768, 2769, 2771, 2777, 2801, 2805, 2853, 2861, 2895, 2896, 2904, 2920, 2928, 2941, 2954, 2959, 2962, 2977, 2979, 2989, 3056, 3073, 3081, 3104, 3118, 3126, 3143, 3148, 3163, 3183, 3195, 3198, 3212, 3214, 3218, 3225, 3231, 3242, 3249, 3252, 3257, 3266, 3267, 3269, 3280, 3286, 3294, 3301, 3303, 3307, 3319, 3324, 3341, 3342, 3362, 3377, 3407, 3412, 3422, 3461, 3466, 3469, 3491, 3492, 3500, 3515, 3527, 3540, 3547, 3560, 3609, 3621, 3651, 3669, 3684, 3685, 3689, 3692, 3696, 3704, 3706, 3708, 3712, 3735, 3739, 3743, 3768, 3813, 3876, 3886, 3890, 3901, 3929, 3966, 3983, 3995, 4011, 4036, 4108, 4179, 4224, 4228, 4234, 4259, 4324, 4406, 4439, 4457, 4462, 4466, 4474, 4501, 4509, 4516, 4522, 4528, 4533, 4541, 4555, 4562, 4573, 4574, 4575, 4591, 4632, 4679, 4692, 4705, 4717, 4727, 4738, 4741, 4761, 4780, 4781, 4809, 4865, 4915, 4937, 4946, 4953, 4969
DNA, Partition_20 = 1, 16, 22, 25, 53, 81, 89, 101, 147, 153, 155, 156, 165, 180, 185, 191, 202, 214, 216, 219, 235, 238, 268, 269, 305, 329, 335, 338, 376, 397, 405, 448, 452, 456, 471, 478, 493, 522, 554, 579, 586, 589, 595, 615, 630, 645, 664, 672, 764, 783, 839, 864, 902, 927, 936, 978, 988, 1005, 1055, 1090, 1105, 1143, 1145, 1188, 1216, 1227, 1255, 1262, 1294, 1309, 1317, 1330, 1333, 1362, 1415, 1425, 1441, 1454, 1464, 1479, 1480, 1481, 1486, 1489, 1495, 1498, 1505, 1509, 1524, 1525, 1539, 1552, 1560, 1567, 1573, 1585, 1647, 1650, 1651, 1669, 1686, 1688, 1701, 1707, 1718, 1731, 1760, 1765, 1769, 1788, 1791, 1806, 1814, 1833, 1851, 1862, 1863, 1874, 1877, 1911, 1921, 1931, 1932, 1938, 1940, 1951, 1957, 1961, 2020, 2026, 2028, 2034, 2038, 2063, 2073, 2080, 2083, 2089, 2094, 2114, 2129, 2138, 2145, 2147, 2193, 2201, 2217, 2237, 2262, 2269, 2285, 2312, 2323, 2337, 2341, 2361, 2369, 2378, 2383, 2400, 2429, 2434, 2464, 2474, 2487, 2488, 2493, 2503, 2514, 2522, 2523, 2565, 2580, 2581, 2591, 2593, 2595, 2606, 2623, 2629, 2639, 2645, 2656, 2660, 2662, 2664, 2666, 2676, 2688, 2714, 2736, 2740, 2785, 2797, 2833, 2865, 2868, 2874, 2912, 2940, 2944, 2945, 2956, 2957, 2974, 2978, 3005, 3006, 3020, 3057, 3061, 3101, 3107, 3116, 3117, 3131, 3169, 3172, 3174, 3181, 3254, 3255, 3258, 3278, 3287, 3323, 3337, 3338, 3340, 3354, 3397, 3398, 3432, 3448, 3456, 3459, 3510, 3522, 3532, 3546, 3556, 3561, 3567, 3568, 3569, 3583, 3589, 3611, 3620, 3622, 3658, 3670, 3673, 3691, 3736, 3791, 3806, 3815, 3827, 3884, 3903, 3917, 3947, 4022, 4024, 4083, 4170, 4208, 4217, 4225, 4269, 4270, 4278, 4343, 4371, 4378, 4408, 4421, 4444, 4449, 4464, 4469, 4472, 4491, 4498, 4506, 4519, 4560, 4569, 4613, 4619, 4642, 4666, 4686, 4733, 4739, 4758, 4769, 4799, 4805, 4823, 4839, 4866, 4875, 4880, 4904, 4941, 4954, 4960, 4962, 4972, 4974, 4991
DNA, Partition_21 = 6, 26, 69, 74, 121, 133, 154, 170, 212, 272, 279, 286, 292, 297, 326, 347, 354, 364, 365, 385, 409, 416, 446, 464, 534, 535, 540, 551, 566, 568, 580, 585, 590, 601, 619, 633, 650, 687, 716, 725, 751, 777, 800, 803, 821, 874, 883, 942, 951, 1000, 1016, 1037, 1038, 1042, 1087, 1088, 1113, 1140, 1182, 1211, 1225, 1226, 1238, 1244, 1246, 1247, 1260, 1270, 1271, 1286, 1310, 1313, 1321, 1339, 1347, 1379, 1384, 1398, 1409, 1413, 1416, 1427, 1435, 1436, 1502, 1508, 1513, 1516, 1520, 1527, 1531, 1544, 1592, 1619, 1621, 1637, 1638, 1666, 1681, 1714, 1723, 1724, 1726, 1738, 1750, 1764, 1778, 1784, 1787, 1792, 1816, 1825, 1843, 1857, 1873, 1875, 1876, 1885, 1887, 1904, 1919, 1928, 1943, 1963, 1965, 1980, 1984, 1990, 2018, 2033, 2053, 2077, 2084, 2092, 2102, 2124, 2133, 2135, 2137, 2150, 2154, 2157, 2163, 2171, 2175, 2179, 2180, 2181, 2188, 2191, 2194, 2197, 2205, 2207, 2208, 2216, 2229, 2243, 2254, 2255, 2279, 2303, 2319, 2320, 2329, 2334, 2362, 2397, 2404, 2409, 2421, 2441, 2450, 2468, 2485, 2490, 2500, 2512, 2549, 2567, 2585, 2588, 2589, 2602, 2621, 2632, 2663, 2679, 2696, 2704, 2716, 2722, 2730, 2734, 2752, 2772, 2815, 2823, 2829, 2854, 2862, 2876, 2892, 2939, 2947, 2972, 2981, 2982, 2994, 3008, 3023, 3054, 3068, 3111, 3137, 3149, 3175, 3177, 3187, 3205, 3230, 3237, 3238, 3259, 3276, 3291, 3295, 3306, 3313, 3334, 3348, 3360, 3364, 3369, 3376, 3379, 3383, 3413, 3428, 3443, 3457, 3489, 3490, 3508, 3516, 3563, 3572, 3578, 3588, 3615, 3626, 3630, 3633, 3634, 3655, 3659, 3666, 3667, 3672, 3676, 3678, 3686, 3728, 3741, 3746, 3760, 3780, 3788, 3797, 3802, 3819, 3915, 3925, 3930, 3939, 3950, 4012, 4021, 4032, 4063, 4066, 4091, 4097, 4100, 4102, 4115, 4130, 4133, 4176, 4188, 4211, 4264, 4283, 4289, 4312, 4360, 4394, 4417, 4428, 4443, 4485, 4505, 4520, 4536, 4544, 4567, 4580, 4590, 4609, 4610, 4626, 4628, 4638, 4653, 4655, 4661, 4665, 4685, 4697, 4707, 4708, 4726, 4742, 4746, 4750, 4759, 4776, 4782, 4801, 4816, 4829, 4853, 4908, 4920, 4935, 4977, 4990, 4998, 5000
DNA, Partition_22 = 4, 9, 33, 46, 52, 60, 100, 107, 110, 132, 137, 145, 150, 166, 175, 190, 193, 208, 211, 232, 233, 248, 260, 275, 295, 307, 315, 321, 336, 356, 357, 362, 379, 384, 399, 434, 440, 441, 445, 449, 476, 496, 508, 509, 530, 531, 558, 560, 575, 613, 623, 634, 635, 638, 641, 669, 677, 738, 769, 785, 790, 816, 917, 918, 935, 937, 993, 1006, 1007, 1008, 1009, 1011, 1029, 1098, 1106, 1108, 1124, 1135, 1185, 1219, 1278, 1288, 1297, 1301, 1312, 1338, 1345, 1348, 1356, 1386, 1395, 1412, 1420, 1428, 1443, 1444, 1453, 1457, 1471, 1485, 1494, 1496, 1532, 1534, 1541, 1555, 1556, 1580, 1594, 1599, 1610, 1622, 1634, 1636, 1643, 1652, 1656, 1661, 1664, 1684, 1696, 1704, 1727, 1730, 1772, 1819, 1823, 1834, 1841, 1846, 1852, 1866, 1869, 1872, 1902, 1909, 1912, 1918, 1925, 1936, 1947, 1968, 1982, 2022, 2024, 2055, 2057, 2072, 2075, 2104, 2184, 2210, 2214, 2223, 2233, 2265, 2271, 2290, 2293, 2294, 2296, 2297, 2304, 2324, 2354, 2356, 2368, 2381, 2388, 2394, 2395, 2403, 2422, 2430, 2436, 2449, 2460, 2461, 2470, 2482, 2491, 2516, 2550, 2551, 2560, 2562, 2600, 2658, 2682, 2699, 2711, 2718, 2721, 2724, 2725, 2746, 2787, 2798, 2804, 2817, 2832, 2838, 2844, 2849, 2858, 2932, 2946, 2964, 2966, 2975, 2986, 2993, 2999, 3031, 3032, 3059, 3067, 3097, 3098, 3115, 3129, 3130, 3150, 3158, 3188, 3194, 3204, 3210, 3215, 3232, 3236, 3265, 3268, 3282, 3292, 3309, 3314, 3335, 3349, 3356, 3390, 3401, 3417, 3429, 3434, 3440, 3445, 3462, 3507, 3536, 3543, 3571, 3593, 3595, 3613, 3627, 3631, 3664, 3675, 3679, 3721, 3725, 3742, 3750, 3789, 3812, 3842, 3857, 3862, 3869, 3879, 3943, 3955, 3963, 3974, 3985, 3996, 4003, 4010, 4013, 4037, 4043, 4050, 4052, 4072, 4078, 4082, 4103, 4105, 4127, 4151, 4181, 4233, 4265, 4285, 4329, 4344, 4345, 4363, 4382, 4410, 4426, 4433, 4434, 4450, 4480, 4483, 4487, 4488, 4495, 4513, 4524, 4530, 4545, 4547, 4577, 4589, 4592, 4594, 4639, 4643, 4651, 4680, 4681, 4690, 4702, 4713, 4725, 4754, 4756, 4757, 4795, 4812, 4828, 4856, 4859, 4860, 4899, 4918, 4932, 4952, 4963, 4970, 4975
DNA, Partition_23 = 20, 24, 62, 70, 91, 96, 98, 125, 139, 158, 209, 234, 263, 273, 284, 303, 319, 325, 342, 402, 423, 426, 429, 436, 474, 502, 512, 516, 536, 547, 591, 594, 599, 611, 681, 721, 723, 749, 760, 781, 787, 848, 862, 877, 906, 915, 956, 971, 999, 1046, 1060, 1085, 1091, 1134, 1186, 1213, 1231, 1239, 1243, 1251, 1256, 1258, 1269, 1273, 1298, 1316, 1334, 1359, 1380, 1400, 1402, 1408, 1430, 1440, 1451, 1452, 1488, 1503, 1530, 1583, 1589, 1590, 1614, 1631, 1642, 1657, 1660, 1671, 1702, 1733, 1742, 1752, 1762, 1770, 1795, 1804, 1810, 1829, 1844, 1853, 1854, 1880, 1881, 1920, 1922, 1924, 1927, 1930, 1949, 1955, 1967, 1978, 2009, 2010, 2012, 2037, 2058, 2059, 2070, 2076, 2090, 2100, 2111, 2123, 2126, 2134, 2152, 2161, 2170, 2173, 2176, 2187, 2190, 2192, 2199, 2211, 2222, 2227, 2235, 2242, 2252, 2257, 2263, 2274, 2295, 2322, 2327, 2328, 2355, 2364, 2382, 2389, 2415, 2426, 2439, 2443, 2453, 2479, 2527, 2543, 2545, 2547, 2569, 2577, 2628, 2678, 2681, 2684, 2744, 2756, 2764, 2767, 2770, 2773, 2796, 2799, 2812, 2831, 2845, 2867, 2894, 2905, 2907, 2919, 2922, 2931, 2942, 2952, 2967, 2970, 2971, 2985, 3000, 3001, 3016, 3030, 3039, 3053, 3055, 3063, 3084, 3091, 3157, 3213, 3228, 3275, 3281, 3296, 3357, 3391, 3452, 3465, 3486, 3493, 3509, 3520, 3529, 3531, 3535, 3542, 3598, 3601, 3629, 3645, 3649, 3681, 3702, 3744, 3766, 3782, 3828, 3839, 3853, 3893, 3921, 3938, 3946, 3948, 4048, 4049, 4064, 4095, 4114, 4132, 4134, 4136, 4145, 4162, 4174, 4184, 4199, 4207, 4209, 4247, 4253, 4272, 4310, 4349, 4374, 4405, 4409, 4423, 4447, 4465, 4468, 4477, 4482, 4484, 4502, 4503, 4518, 4534, 4552, 4565, 4584, 4614, 4627, 4658, 4667, 4721, 4843, 4862, 4897, 4923, 4930, 4944, 4947, 4961, 4979
DNA, Partition_24 = 3, 5, 15, 18, 37, 47, 75, 76, 78, 86, 99, 106, 126, 140, 151, 163, 164, 174, 206, 210, 229, 230, 240, 244, 253, 257, 258, 271, 288, 289, 293, 294, 298, 306, 323, 334, 349, 353, 383, 393, 401, 410, 417, 420, 466, 488, 494, 507, 521, 527, 528, 553, 577, 584, 596, 603, 614, 625, 642, 651, 736, 747, 786, 793, 867, 881, 945, 950, 961, 1067, 1069, 1075, 1081, 1093, 1165, 1187, 1191, 1209, 1228, 1261, 1279, 1295, 1306, 1324, 1349, 1363, 1368, 1373, 1385, 1405, 1406, 1410, 1422, 1447, 1459, 1523, 1535, 1551, 1557, 1559, 1571, 1593, 1605, 1648, 1667, 1673, 1698, 1715, 1717, 1753, 1756, 1761, 1842, 1849, 1870, 1905, 1944, 1954, 1975, 2023, 2036, 2051, 2060, 2061, 2067, 2074, 2091, 2097, 2098, 2136, 2156, 2186, 2251, 2272, 2273, 2292, 2310, 2342, 2384, 2393, 2405, 2420, 2431, 2440, 2446, 2452, 2462, 2472, 2484, 2489, 2528, 2541, 2546, 2574, 2598, 2619, 2624, 2634, 2650, 2653, 2672, 2700, 2713, 2737, 2754, 2765, 2779, 2786, 2790, 2794, 2827, 2841, 2852, 2871, 2879, 2883, 2888, 2890, 3022, 3029, 3045, 3049, 3064, 3072, 3080, 3092, 3095, 3125, 3193, 3263, 3289, 3310, 3315, 3317, 3365, 3423, 3449, 3496, 3498, 3604, 3605, 3663, 3705, 3711, 3722, 3727, 3762, 3770, 3781, 3785, 3837, 3856, 3887, 3904, 3912, 3928, 4014, 4067, 4071, 4074, 4106, 4129, 4161, 4173, 4198, 4215, 4227, 4230, 4238, 4239, 4244, 4257, 4303, 4342, 4347, 4358, 4379, 4380, 4388, 4389, 4414, 4418, 4441, 4456, 4467, 4496, 4510, 4514, 4525, 4527, 4551, 4593, 4598, 4630, 4673, 4675, 4700, 4712, 4715, 4723, 4740, 4760, 4770, 4785, 4788, 4807, 4810, 4822, 4836, 4847, 4854, 4872, 4874, 4884, 4890, 4898, 4927, 4942, 4966, 4968, 4971, 4973, 4978, 4981
DNA, Partition_25 = 2, 28, 63, 65, 73, 82, 83, 103, 104, 128, 143, 169, 199, 207, 227, 254, 281, 283, 296, 301, 316, 328, 340, 406, 407, 414, 418, 431, 484, 487, 489, 513, 519, 523, 532, 538, 539, 552, 570, 587, 588, 598, 612, 620, 622, 632, 644, 649, 655, 678, 735, 763, 805, 836, 844, 854, 861, 863, 882, 888, 890, 903, 928, 944, 998, 1001, 1018, 1030, 1082, 1094, 1096, 1114, 1120, 1123, 1158, 1166, 1174, 1176, 1232, 1240, 1254, 1280, 1367, 1376, 1377, 1401, 1473, 1490, 1562, 1564, 1569, 1570, 1582, 1596, 1615, 1641, 1645, 1659, 1700, 1721, 1741, 1773, 1774, 1789, 1790, 1794, 1807, 1811, 1839, 1860, 1935, 1953, 1964, 1996, 2006, 2013, 2016, 2019, 2032, 2049, 2056, 2068, 2071, 2082, 2085, 2112, 2115, 2140, 2162, 2185, 2198, 2204, 2206, 2215, 2236, 2241, 2244, 2246, 2258, 2270, 2277, 2281, 2317, 2331, 2339, 2340, 2386, 2478, 2483, 2492, 2511, 2555, 2590, 2720, 2750, 2850, 2872, 2898, 2926, 2943, 2973, 2983, 2996, 3011, 3028, 3037, 3050, 3085, 3110, 3112, 3113, 3132, 3159, 3185, 3189, 3199, 3327, 3420, 3549, 3608, 3792, 3795, 3807, 3831, 3846, 3847, 3859, 3905, 3916, 3927, 3952, 3968, 3973, 3980, 4007, 4034, 4069, 4086, 4153, 4166, 4192, 4194, 4206, 4221, 4235, 4267, 4273, 4290, 4314, 4316, 4320, 4356, 4357, 4387, 4397, 4402, 4411, 4413, 4437, 4445, 4471, 4500, 4542, 4553, 4556, 4563, 4566, 4599, 4605, 4612, 4682, 4687, 4689, 4691, 4701, 4703, 4718, 4751, 4813, 4815, 4817, 4825, 4840, 4849, 4892, 4907, 4919, 4948, 4951, 4985, 4989, 4994
DNA, Partition_26 = 29, 44, 111, 131, 136, 148, 195, 223, 242, 320, 333, 361, 382, 400, 419, 427, 438, 444, 454, 506, 608, 631, 658, 675, 688, 699, 707, 744, 753, 765, 780, 789, 808, 815, 830, 846, 871, 879, 892, 904, 916, 925, 967, 985, 986, 994, 1013, 1033, 1049, 1050, 1061, 1063, 1066, 1107, 1130, 1142, 1144, 1153, 1160, 1189, 1218, 1229, 1274, 1327, 1332, 1346, 1351, 1372, 1390, 1529, 1537, 1547, 1586, 1587, 1595, 1600, 1603, 1606, 1611, 1618, 1630, 1633, 1662, 1677, 1689, 1771, 1783, 1785, 1812, 1827, 1836, 1837, 1867, 1893, 1929, 1937, 1962, 2000, 2004, 2007, 2014, 2021, 2045, 2079, 2087, 2106, 2232, 2249, 2267, 2268, 2298, 2311, 2349, 2379, 2401, 2433, 2448, 2455, 2456, 2471, 2494, 2526, 2537, 2548, 2552, 2599, 2611, 2643, 2647, 2665, 2692, 2712, 2727, 2761, 2776, 2808, 2818, 2848, 2884, 2893, 2908, 2969, 3025, 3062, 3165, 3170, 3220, 3435, 3437, 3644, 3701, 3752, 3776, 3794, 3798, 3829, 3835, 3840, 3863, 3866, 3878, 3902, 3911, 3931, 3989, 4000, 4029, 4041, 4047, 4077, 4093, 4135, 4139, 4142, 4150, 4154, 4163, 4171, 4172, 4183, 4195, 4214, 4222, 4223, 4241, 4311, 4323, 4330, 4384, 4396, 4399, 4404, 4427, 4451, 4499, 4521, 4558, 4597, 4603, 4608, 4621, 4624, 4652, 4676, 4735, 4743, 4752, 4787, 4818, 4826, 4831, 4833, 4841, 4912, 4950, 4957, 4997
DNA, Partition_27 = 7, 8, 41, 49, 54, 64, 105, 108, 114, 187, 188, 200, 205, 213, 252, 277, 309, 310, 324, 330, 331, 343, 350, 360, 387, 389, 396, 457, 470, 533, 583, 648, 661, 663, 673, 689, 702, 727, 742, 772, 774, 797, 807, 842, 912, 940, 949, 990, 1002, 1010, 1019, 1044, 1045, 1053, 1068, 1100, 1110, 1161, 1196, 1249, 1252, 1285, 1293, 1350, 1354, 1388, 1423, 1424, 1460, 1466, 1476, 1545, 1549, 1554, 1680, 1687, 1708, 1719, 1749, 1826, 1832, 1855, 1864, 1865, 1892, 1981, 1999, 2005, 2101, 2128, 2141, 2178, 2358, 2359, 2370, 2371, 2380, 2413, 2417, 2425, 2502, 2507, 2535, 2571, 2586, 2633, 2680, 2706, 2763, 2835, 2840, 2863, 2869, 2886, 2909, 2915, 2948, 2953, 2958, 3041, 3069, 3108, 3156, 3200, 3345, 3624, 3753, 3757, 3761, 3787, 3800, 3810, 3822, 3836, 3867, 3907, 3910, 3923, 3940, 3958, 3964, 3967, 3977, 3986, 4027, 4039, 4087, 4089, 4126, 4137, 4141, 4144, 4156, 4177, 4189, 4201, 4212, 4255, 4266, 4288, 4302, 4319, 4337, 4383, 4430, 4432, 4546, 4550, 4583, 4588, 4606, 4618, 4640, 4657, 4663, 4678, 4716, 4722, 4745, 4747, 4748, 4791, 4800, 4850, 4917, 4928, 4929, 4940, 4976
DNA, Partition_28 = 45, 68, 88, 93, 119, 124, 160, 172, 259, 388, 392, 450, 463, 500, 510, 514, 520, 573, 600, 604, 691, 708, 711, 731, 778, 779, 794, 823, 824, 825, 895, 909, 931, 957, 970, 989, 1004, 1015, 1034, 1051, 1065, 1078, 1111, 1118, 1122, 1157, 1167, 1173, 1175, 1177, 1230, 1241, 1399, 1472, 1482, 1491, 1579, 1624, 1635, 1639, 1692, 1694, 1713, 1748, 1757, 1758, 1808, 1822, 1861, 1899, 1907, 1923, 1946, 1959, 1960, 1986, 1995, 2048, 2052, 2107, 2132, 2209, 2250, 2284, 2286, 2321, 2357, 2459, 2553, 2575, 2616, 2673, 2689, 2775, 2780, 2784, 2802, 2828, 2864, 2881, 2903, 2906, 2937, 2949, 3038, 3103, 3114, 3594, 3759, 3771, 3833, 3855, 3875, 3899, 3909, 3936, 3969, 3970, 3972, 3992, 4019, 4035, 4051, 4059, 4065, 4076, 4084, 4117, 4122, 4152, 4167, 4205, 4220, 4226, 4274, 4300, 4341, 4353, 4367, 4369, 4370, 4415, 4431, 4455, 4535, 4587, 4607, 4615, 4641, 4671, 4699, 4714, 4774, 4783, 4786, 4820, 4855, 4878, 4883, 4888, 4900, 4901, 4955, 4988, 4992, 4993
DNA, Partition_29 = 50, 55, 57, 112, 113, 168, 183, 203, 256, 352, 366, 377, 430, 443, 501, 593, 626, 643, 646, 674, 683, 713, 750, 784, 799, 806, 810, 814, 818, 831, 841, 880, 884, 907, 921, 932, 934, 939, 947, 977, 979, 1054, 1064, 1076, 1086, 1095, 1104, 1115, 1121, 1125, 1127, 1146, 1162, 1169, 1170, 1179, 1181, 1184, 1199, 1201, 1212, 1266, 1272, 1305, 1394, 1572, 1608, 1646, 1691, 1716, 1779, 1781, 1882, 1908, 1913, 2002, 2039, 2065, 2109, 2202, 2218, 2230, 2264, 2266, 2282, 2365, 2399, 2454, 2605, 2668, 2701, 2759, 2820, 2927, 2933, 3046, 3052, 3060, 3359, 3406, 3431, 3754, 3758, 3799, 3817, 3820, 3824, 3851, 3877, 3883, 3900, 3934, 3951, 3956, 3987, 4018, 4055, 4070, 4104, 4169, 4200, 4204, 4231, 4260, 4263, 4276, 4291, 4317, 4322, 4335, 4340, 4463, 4473, 4538, 4549, 4561, 4634, 4644, 4766, 4768, 4832, 4852, 4967
DNA, Partition_30 = 30, 35, 36, 40, 102, 115, 116, 224, 250, 317, 355, 367, 455, 469, 479, 481, 525, 537, 543, 629, 671, 679, 685, 730, 752, 813, 817, 849, 869, 873, 878, 923, 926, 943, 954, 981, 1071, 1077, 1116, 1126, 1155, 1190, 1193, 1248, 1264, 1431, 1478, 1533, 1536, 1602, 1709, 1803, 1824, 1871, 1900, 1910, 1933, 1950, 1971, 1997, 2031, 2151, 2182, 2248, 2291, 2338, 2372, 2418, 2419, 2435, 2458, 2524, 2620, 2644, 2703, 3082, 3083, 3093, 3830, 3838, 3843, 3845, 3848, 3849, 3872, 3874, 3895, 3937, 3942, 4004, 4006, 4042, 4061, 4062, 4109, 4111, 4165, 4168, 4229, 4251, 4286, 4306, 4308, 4331, 4351, 4352, 4365, 4422, 4440, 4475, 4478, 4517, 4539, 4548, 4636, 4763, 4775, 4779, 4848, 4903
DNA, Partition_31 = 10, 32, 84, 92, 94, 95, 117, 123, 144, 152, 178, 179, 184, 189, 197, 201, 204, 217, 218, 222, 237, 241, 243, 249, 270, 276, 290, 291, 308, 332, 344, 346, 374, 381, 411, 425, 435, 437, 447, 453, 477, 495, 542, 545, 546, 550, 555, 556, 557, 559, 563, 565, 567, 569, 574, 578, 621, 627, 628, 637, 639, 652, 653, 662, 666, 676, 682, 692, 693, 694, 706, 712, 714, 722, 724, 726, 733, 737, 741, 743, 748, 755, 761, 762, 767, 768, 773, 775, 788, 795, 796, 802, 811, 812, 820, 827, 833, 834, 835, 838, 840, 845, 852, 857, 858, 860, 866, 868, 870, 894, 896, 899, 910, 911, 914, 920, 922, 938, 946, 952, 958, 960, 965, 968, 969, 972, 975, 976, 980, 991, 997, 1003, 1012, 1020, 1021, 1023, 1024, 1026, 1032, 1040, 1047, 1056, 1059, 1070, 1073, 1074, 1079, 1084, 1097, 1099, 1102, 1112, 1129, 1131, 1139, 1147, 1148, 1150, 1152, 1156, 1164, 1168, 1171, 1180, 1192, 1194, 1198, 1200, 1202, 1203, 1204, 1205, 1207, 1210, 1214, 1217, 1220, 1222, 1224, 1235, 1236, 1242, 1245, 1250, 1259, 1275, 1287, 1299, 1303, 1331, 1370, 1396, 1450, 1456, 1463, 1465, 1470, 1474, 1492, 1507, 1526, 1558, 1584, 1616, 1655, 1679, 1685, 1710, 1720, 1736, 1747, 1766, 1802, 1828, 1831, 1835, 1845, 1898, 1906, 1915, 1939, 1945, 1948, 1970, 1987, 1988, 2015, 2030, 2041, 2064, 2095, 2099, 2113, 2119, 2121, 2125, 2165, 2167, 2172, 2195, 2259, 2299, 2306, 2308, 2313, 2318, 2333, 2360, 2374, 2377, 2407, 2408, 2414, 2442, 2445, 2451, 2475, 2477, 2532, 2533, 2536, 2563, 2579, 2630, 2657, 2707, 2757, 2766, 2789, 2813, 2836, 2846, 2880, 2887, 2910, 2913, 2925, 2968, 3003, 3034, 3043, 3058, 3066, 3109, 3518, 3751, 3755, 3756, 3763, 3767, 3769, 3772, 3773, 3774, 3775, 3778, 3779, 3790, 3801, 3804, 3805, 3808, 3816, 3818, 3826, 3832, 3844, 3852, 3860, 3865, 3868, 3870, 3871, 3881, 3882, 3888, 3889, 3896, 3897, 3919, 3922, 3935, 3941, 3949, 3953, 3962, 3965, 3971, 3975, 3979, 3981, 3984, 3990, 3993, 3994, 3997, 4005, 4020, 4023, 4030, 4045, 4053, 4056, 4058, 4060, 4073, 4075, 4079, 4080, 4081, 4085, 4090, 4096, 4098, 4101, 4113, 4116, 4119, 4120, 4124, 4128, 4131, 4140, 4146, 4149, 4157, 4158, 4159, 4160, 4185, 4191, 4193, 4197, 4202, 4203, 4213, 4216, 4218, 4219, 4232, 4236, 4237, 4240, 4242, 4243, 4245, 4250, 4254, 4256, 4258, 4261, 4262, 4275, 4279, 4280, 4281, 4287, 4293, 4295, 4301, 4307, 4309, 4315, 4318, 4321, 4327, 4339, 4350, 4354, 4355, 4359, 4361, 4362, 4364, 4366, 4372, 4373, 4375, 4376, 4390, 4393, 4400, 4452, 4459, 4461, 4476, 4492, 4512, 4526, 4537, 4568, 4570, 4595, 4596, 4616, 4623, 4637, 4645, 4647, 4662, 4724, 4729, 4744, 4771, 4789, 4794, 4803, 4808, 4838, 4873, 4876, 4896, 4902, 4909, 4921, 4943, 4982