Partition output from ratepartitions.py
--Written by Tobias Malm (20121130)

For rate file: 9.rates with 5000 sites!

Manually set dividing factor: 4.0
Partitions calculated according to:
	1st partition: highest rate - ((highest rate - minimum_rate)/(4.0)),
	the remaining as lower boundary rate= upper boundary rate -((upper boundary rate - minimum rate)/(4.0+Partitionnumber*0.3)).
	Last partition created when less than 10% of total characters are left (=500.0 characters).

Rate spread of entire data set (Highest (slowest, 1=invariant) to lowest (fastest) ): Highest: 1.0, lowest: 0.108510070695, spread: 0.891489929305
Partition_1(1 sites):	Rate-span: 1.0-0.777128

Partition_2(0 sites):	Rate-span: 0.777128-0.631776

Partition_3(2 sites):	Rate-span: 0.631776-0.524987

Partition_4(4 sites):	Rate-span: 0.524987-0.444895

Partition_5(8 sites):	Rate-span: 0.444895-0.383734

Partition_6(10 sites):	Rate-span: 0.383734-0.336282

Partition_7(12 sites):	Rate-span: 0.336282-0.298942

Partition_8(13 sites):	Rate-span: 0.298942-0.269187

Partition_9(19 sites):	Rate-span: 0.269187-0.245206

Partition_10(29 sites):	Rate-span: 0.245206-0.225678

Partition_11(43 sites):	Rate-span: 0.225678-0.209627

Partition_12(61 sites):	Rate-span: 0.209627-0.196322

Partition_13(95 sites):	Rate-span: 0.196322-0.185207

Partition_14(102 sites):	Rate-span: 0.185207-0.175854

Partition_15(124 sites):	Rate-span: 0.175854-0.167931

Partition_16(155 sites):	Rate-span: 0.167931-0.161178

Partition_17(220 sites):	Rate-span: 0.161178-0.155391

Partition_18(300 sites):	Rate-span: 0.155391-0.150403

Partition_19(319 sites):	Rate-span: 0.150403-0.146085

Partition_20(339 sites):	Rate-span: 0.146085-0.142327

Partition_21(346 sites):	Rate-span: 0.142327-0.139044

Partition_22(342 sites):	Rate-span: 0.139044-0.136163

Partition_23(386 sites):	Rate-span: 0.136163-0.133626

Partition_24(340 sites):	Rate-span: 0.133626-0.131384

Partition_25(300 sites):	Rate-span: 0.131384-0.129395

Partition_26(270 sites):	Rate-span: 0.129395-0.127625

Partition_27(250 sites):	Rate-span: 0.127625-0.126045

Partition_28(215 sites):	Rate-span: 0.126045-0.124631

Partition_29(124 sites):	Rate-span: 0.124631-0.123362

Partition_30(114 sites):	Rate-span: 0.123362-0.122219

Partition_31(457 sites):	Rate-span: 0.122219-0.10851



MrBayes style
begin mrbayes;
Charset Partition_1 = 720;
Charset Partition_3 = 86 4363;
Charset Partition_4 = 523 3378 4322 4323;
Charset Partition_5 = 464 2217 2275 3065 3599 4329 4838 4972;
Charset Partition_6 = 94 156 708 1926 2041 2210 2312 2374 3329 3561;
Charset Partition_7 = 227 314 473 630 1527 1732 2339 2724 3944 4110 4784 4866;
Charset Partition_8 = 325 600 776 782 819 1026 1364 1757 2249 2634 2848 3226 3883;
Charset Partition_9 = 112 491 876 946 1122 1368 1615 1722 1774 2424 2512 2941 3021 3072 3683 3756 3878 4646 4822;
Charset Partition_10 = 244 469 886 1303 1489 1509 1524 1624 1915 2198 2222 2427 2781 2861 2914 2954 3050 3154 3320 3408 3473 3601 3720 3862 3871 4216 4268 4620 4952;
Charset Partition_11 = 19 248 446 527 666 723 781 966 1059 1091 1362 1520 1726 1753 1761 1769 1777 1818 1850 1975 2029 2131 2172 2228 2712 2872 3233 3285 3293 3310 3355 3492 3574 3934 4016 4344 4371 4446 4458 4575 4596 4785 4943;
Charset Partition_12 = 25 173 182 188 284 401 619 746 996 1070 1075 1148 1161 1267 1279 1298 1578 1674 1692 1928 1947 2012 2059 2070 2171 2199 2306 2382 2393 2465 2473 2569 2619 2626 2661 2684 2887 2956 2982 3000 3246 3370 3372 3581 3610 3742 3841 3845 3869 3976 4093 4314 4317 4566 4603 4733 4750 4790 4792 4941 4966;
Charset Partition_13 = 15 45 108 113 128 155 202 291 296 312 331 334 462 528 647 659 728 788 919 933 957 973 1105 1135 1137 1145 1169 1233 1238 1266 1286 1413 1458 1495 1514 1545 1687 1698 1817 1859 1917 2048 2113 2127 2141 2150 2182 2196 2269 2362 2379 2431 2672 2772 2813 2865 2876 2905 2947 2949 3001 3026 3048 3090 3166 3182 3242 3259 3302 3339 3528 3615 3688 3691 3731 3766 3790 3838 3853 3863 3868 3881 4007 4089 4230 4239 4285 4423 4590 4632 4719 4736 4816 4976 4988;
Charset Partition_14 = 100 134 172 194 213 252 295 298 355 392 447 481 673 749 881 889 965 982 1031 1101 1138 1205 1213 1244 1277 1307 1336 1352 1354 1415 1480 1523 1537 1546 1588 1628 1672 1715 1723 1823 1831 1851 1908 2036 2071 2119 2147 2153 2164 2167 2205 2320 2472 2494 2500 2509 2599 2623 2624 2658 2683 2765 2774 2788 2852 2900 2975 2987 3038 3148 3241 3244 3347 3374 3486 3514 3543 3560 3575 3671 3821 3856 3910 3932 3983 4021 4078 4107 4172 4217 4221 4248 4258 4318 4384 4473 4481 4599 4655 4804 4895 4955;
Charset Partition_15 = 9 27 89 154 199 256 266 275 336 349 350 358 423 438 453 509 571 579 638 668 681 863 988 1010 1096 1129 1220 1292 1300 1320 1392 1422 1490 1517 1599 1613 1621 1630 1634 1711 1739 1771 1806 1813 1902 1941 1951 2039 2077 2118 2268 2307 2328 2341 2373 2415 2422 2435 2507 2516 2522 2583 2587 2608 2616 2697 2698 2736 2739 2747 2749 2752 2784 2795 2815 2845 2918 2921 2973 3032 3174 3281 3325 3419 3459 3563 3584 3629 3676 3750 3772 3849 3894 3948 3957 3959 3990 4004 4039 4109 4129 4175 4254 4255 4321 4331 4365 4372 4388 4389 4484 4553 4580 4644 4649 4676 4679 4683 4887 4908 4921 4938 4948 4974;
Charset Partition_16 = 11 24 33 157 164 170 231 238 348 372 411 442 443 519 520 524 596 614 667 690 701 712 732 796 864 875 915 968 1025 1130 1136 1139 1159 1175 1197 1269 1274 1283 1316 1329 1342 1438 1449 1477 1481 1552 1563 1586 1664 1706 1716 1729 1733 1782 1789 1855 1888 1893 1931 1983 2006 2017 2025 2049 2056 2065 2066 2157 2234 2291 2309 2330 2434 2461 2471 2489 2527 2541 2547 2565 2585 2589 2611 2627 2675 2720 2732 2760 2842 2961 2969 3184 3200 3323 3334 3360 3362 3380 3384 3394 3407 3447 3457 3464 3488 3515 3525 3600 3632 3641 3642 3729 3761 3786 3792 3801 3807 3833 3876 3908 3917 3918 3935 3962 3971 4012 4014 4023 4034 4087 4137 4269 4277 4286 4315 4340 4367 4417 4460 4508 4529 4591 4658 4659 4664 4665 4674 4766 4793 4876 4879 4916 4963 4975 4995;
Charset Partition_17 = 36 80 111 122 123 139 177 187 206 220 247 251 253 259 262 290 316 359 393 435 455 483 485 488 505 558 582 694 771 779 786 806 830 856 885 891 897 940 1000 1008 1011 1126 1132 1164 1170 1190 1199 1240 1282 1299 1304 1317 1339 1345 1349 1382 1424 1434 1518 1526 1554 1594 1633 1657 1661 1666 1680 1693 1701 1702 1734 1744 1758 1804 1821 1835 1848 1889 1900 1925 1959 1987 2037 2058 2076 2080 2169 2254 2296 2311 2327 2336 2352 2377 2391 2458 2492 2495 2505 2521 2544 2549 2560 2625 2633 2636 2690 2741 2763 2789 2793 2800 2802 2863 2871 2897 2902 2906 2910 2943 2951 2968 3023 3039 3045 3049 3055 3088 3096 3173 3197 3201 3223 3252 3270 3276 3279 3283 3311 3336 3356 3359 3375 3382 3421 3434 3460 3493 3521 3527 3532 3646 3669 3679 3692 3694 3706 3707 3712 3755 3781 3823 3949 3980 3992 4024 4026 4029 4048 4055 4056 4068 4075 4097 4100 4140 4160 4236 4249 4270 4280 4281 4305 4320 4333 4381 4393 4410 4411 4420 4432 4436 4498 4507 4514 4544 4550 4595 4605 4616 4624 4673 4692 4734 4747 4759 4782 4803 4819 4823 4827 4868 4874 4889 4893 4917 4920 4926 4935 4996;
Charset Partition_18 = 38 40 68 88 102 117 144 160 192 196 200 303 342 361 377 400 408 413 448 454 468 506 529 557 587 589 637 686 695 711 717 735 739 740 748 815 817 823 831 842 846 853 895 914 950 961 964 1012 1016 1022 1037 1064 1069 1109 1111 1127 1192 1209 1229 1246 1272 1276 1289 1293 1301 1350 1374 1380 1384 1399 1416 1437 1444 1454 1462 1484 1492 1499 1505 1533 1540 1571 1583 1623 1662 1685 1707 1714 1736 1746 1816 1827 1838 1841 1864 1885 1914 1946 1953 1978 1988 1992 1996 2051 2087 2091 2097 2115 2133 2163 2168 2183 2237 2238 2250 2256 2259 2263 2283 2286 2303 2313 2322 2331 2333 2337 2346 2356 2372 2375 2378 2387 2402 2410 2428 2554 2572 2591 2597 2604 2641 2653 2656 2663 2701 2704 2821 2826 2832 2836 2864 2868 2881 2908 2912 2923 2963 2965 2983 2992 3010 3011 3030 3084 3086 3114 3122 3126 3127 3131 3143 3146 3147 3161 3179 3190 3204 3219 3221 3232 3236 3265 3287 3294 3317 3318 3332 3345 3352 3364 3369 3383 3420 3436 3467 3470 3472 3475 3494 3498 3508 3509 3544 3549 3572 3588 3608 3625 3635 3640 3651 3655 3661 3672 3681 3682 3719 3724 3758 3764 3768 3782 3793 3827 3829 3840 3867 3893 3911 3942 3950 3958 3963 3997 4060 4061 4069 4116 4117 4118 4124 4135 4143 4159 4176 4177 4195 4288 4291 4313 4319 4335 4341 4419 4430 4435 4445 4447 4455 4468 4477 4492 4513 4518 4528 4536 4543 4558 4568 4572 4588 4592 4619 4621 4627 4630 4635 4657 4660 4661 4662 4672 4695 4721 4756 4768 4800 4814 4815 4824 4845 4853 4863 4871 4878 4888 4912 4919 4947 4999;
Charset Partition_19 = 12 35 46 57 92 96 146 158 163 176 226 240 242 268 270 276 309 382 389 394 434 452 459 466 467 479 513 525 533 544 547 563 565 568 603 626 636 650 651 721 729 734 737 747 807 818 824 828 845 847 858 865 866 877 898 907 911 917 922 936 963 981 984 991 995 997 1009 1020 1023 1033 1042 1046 1061 1079 1086 1087 1089 1110 1115 1150 1183 1201 1203 1204 1217 1225 1230 1231 1248 1253 1261 1275 1313 1353 1369 1372 1386 1395 1403 1435 1442 1460 1466 1471 1506 1511 1515 1532 1538 1559 1562 1565 1576 1608 1610 1625 1639 1644 1645 1697 1708 1718 1731 1735 1763 1764 1786 1826 1839 1845 1849 1862 1868 1877 1897 1898 1927 1937 1948 1952 1957 1969 1980 1981 2014 2024 2128 2179 2186 2188 2202 2214 2215 2216 2247 2260 2329 2334 2335 2384 2395 2397 2443 2455 2468 2474 2496 2497 2542 2550 2559 2614 2620 2630 2676 2696 2699 2716 2727 2737 2740 2743 2748 2779 2790 2804 2810 2811 2812 2820 2824 2839 2899 2952 2967 2970 2979 2980 3003 3027 3036 3061 3064 3080 3094 3097 3101 3119 3141 3162 3188 3195 3262 3290 3349 3350 3379 3393 3410 3433 3435 3442 3477 3484 3497 3516 3517 3545 3546 3559 3566 3585 3586 3590 3596 3597 3607 3611 3628 3643 3659 3666 3700 3701 3797 3816 3825 3860 3861 3864 3879 3882 3887 3891 3914 3956 3964 3982 3994 4006 4010 4011 4041 4047 4076 4103 4123 4131 4139 4155 4166 4168 4208 4220 4226 4240 4272 4351 4355 4362 4376 4378 4403 4414 4424 4486 4497 4504 4523 4525 4533 4541 4546 4556 4584 4604 4611 4617 4638 4645 4690 4694 4706 4707 4710 4765 4767 4771 4798 4846 4854 4924 4932 4951 4965 4982 4983 4984 5000;
Charset Partition_20 = 3 8 10 21 26 51 64 69 72 77 81 83 132 140 148 159 171 179 258 277 278 285 327 370 381 403 406 409 410 421 460 486 492 514 515 542 543 551 569 573 574 584 597 604 612 613 628 664 680 696 709 719 738 752 764 767 785 800 862 868 894 926 937 948 976 999 1004 1024 1040 1080 1081 1083 1100 1107 1124 1151 1188 1189 1195 1212 1257 1291 1297 1311 1338 1370 1381 1401 1402 1412 1414 1417 1426 1457 1459 1516 1539 1544 1547 1551 1564 1568 1587 1590 1614 1640 1663 1682 1689 1765 1800 1832 1836 1847 1852 1853 1857 1872 1873 1903 1913 1918 1920 1923 1938 1944 1973 1976 1984 1986 2011 2020 2034 2042 2060 2093 2095 2098 2117 2124 2134 2146 2156 2173 2195 2201 2204 2233 2257 2316 2317 2318 2340 2344 2345 2358 2361 2413 2420 2444 2450 2451 2452 2511 2514 2524 2532 2551 2596 2605 2621 2644 2646 2654 2666 2670 2679 2681 2703 2726 2746 2761 2766 2829 2831 2850 2855 2857 2858 2901 2911 2926 2930 2933 2934 2966 2972 2988 2995 3013 3015 3040 3047 3051 3106 3111 3113 3117 3118 3121 3136 3144 3152 3185 3199 3205 3238 3250 3251 3257 3280 3288 3340 3348 3367 3391 3437 3462 3485 3495 3534 3550 3577 3582 3589 3592 3593 3604 3616 3621 3626 3627 3670 3690 3711 3722 3734 3740 3774 3780 3785 3791 3794 3796 3798 3818 3819 3832 3839 3874 3886 3890 3904 3912 3919 3925 3927 3931 3945 3961 3973 4051 4053 4065 4074 4086 4106 4136 4145 4148 4161 4213 4224 4227 4244 4252 4259 4262 4278 4283 4304 4308 4325 4336 4396 4397 4408 4418 4427 4444 4464 4465 4474 4478 4482 4519 4520 4535 4564 4567 4571 4582 4583 4606 4622 4628 4647 4653 4693 4751 4754 4757 4761 4770 4786 4795 4843 4891 4892 4925 4933 4939 4942 4957 4964 4968 4977 4981 4998;
Charset Partition_21 = 41 71 97 116 137 147 191 210 274 292 299 301 311 320 371 380 387 424 437 440 444 480 489 497 504 508 536 538 577 578 588 593 601 609 656 657 662 674 677 700 704 706 733 763 780 787 803 827 839 869 880 887 901 924 941 944 949 953 974 975 994 1034 1035 1045 1054 1056 1076 1098 1106 1113 1131 1158 1176 1180 1182 1185 1200 1211 1268 1312 1326 1328 1330 1337 1347 1373 1383 1390 1404 1405 1429 1439 1445 1450 1453 1464 1482 1513 1535 1558 1572 1589 1600 1643 1649 1650 1659 1671 1673 1684 1688 1690 1695 1696 1709 1741 1743 1767 1785 1790 1798 1811 1812 1842 1876 1880 1886 1892 1905 1912 1922 1936 1939 1942 1958 1961 1970 1971 1972 2027 2047 2081 2083 2102 2105 2110 2120 2126 2130 2149 2162 2166 2218 2221 2224 2227 2241 2246 2274 2276 2287 2298 2301 2308 2319 2325 2357 2369 2390 2399 2405 2463 2464 2469 2534 2555 2562 2576 2578 2579 2582 2586 2590 2639 2647 2651 2657 2662 2667 2692 2695 2711 2714 2717 2729 2738 2759 2775 2778 2783 2791 2809 2818 2853 2895 2898 2913 2929 2976 2991 3022 3034 3052 3063 3078 3082 3095 3105 3140 3149 3151 3165 3220 3239 3249 3268 3269 3282 3297 3298 3307 3322 3331 3338 3344 3358 3365 3376 3385 3392 3404 3416 3417 3418 3431 3448 3471 3476 3487 3490 3522 3533 3542 3557 3565 3620 3623 3673 3674 3687 3702 3705 3708 3716 3717 3726 3763 3777 3778 3800 3826 3837 3854 3902 3922 3930 3960 3979 3998 4009 4017 4018 4059 4066 4067 4083 4104 4119 4121 4122 4128 4132 4138 4152 4158 4167 4183 4204 4251 4264 4265 4294 4306 4311 4312 4346 4348 4448 4457 4469 4472 4493 4496 4510 4512 4521 4554 4565 4602 4614 4618 4663 4666 4668 4688 4689 4697 4716 4742 4743 4808 4818 4828 4830 4832 4844 4870 4881 4897 4903 4937 4946 4967 4970 4973 4997;
Charset Partition_22 = 4 16 48 53 60 76 82 85 87 95 99 105 120 129 135 138 151 216 218 229 264 269 271 308 310 319 321 324 339 397 407 415 426 449 451 490 496 534 539 541 570 590 602 621 648 655 670 671 722 727 741 744 754 762 772 792 795 820 833 867 871 900 918 942 960 970 987 992 1006 1014 1038 1044 1047 1073 1074 1084 1090 1116 1141 1143 1162 1166 1187 1202 1208 1221 1224 1234 1235 1241 1273 1287 1305 1318 1321 1340 1355 1357 1366 1375 1378 1394 1420 1447 1452 1461 1479 1485 1488 1522 1553 1557 1579 1596 1606 1648 1686 1713 1737 1742 1747 1760 1778 1788 1791 1797 1814 1820 1822 1828 1854 1874 1875 1911 1919 1921 1964 1965 1968 1993 2010 2018 2043 2045 2067 2072 2073 2084 2101 2116 2121 2123 2159 2185 2194 2197 2208 2220 2235 2248 2278 2279 2281 2290 2302 2353 2360 2371 2376 2394 2408 2409 2432 2457 2475 2519 2561 2566 2580 2584 2601 2618 2640 2652 2655 2677 2706 2735 2742 2803 2808 2823 2833 2838 2841 2844 2847 2856 2884 2909 2917 2939 2944 2945 2950 2953 2962 2978 2985 3002 3012 3014 3043 3054 3056 3067 3075 3091 3104 3138 3145 3160 3163 3180 3192 3211 3215 3222 3231 3258 3327 3430 3438 3443 3455 3507 3513 3518 3555 3567 3569 3571 3576 3619 3637 3639 3665 3684 3685 3686 3698 3699 3727 3741 3770 3789 3799 3817 3835 3843 3852 3877 3880 3903 3920 3933 3947 3955 3965 3974 3984 4022 4032 4035 4037 4043 4052 4054 4057 4071 4095 4112 4147 4151 4174 4180 4189 4198 4214 4215 4222 4246 4250 4271 4310 4334 4349 4352 4356 4364 4406 4415 4428 4442 4451 4452 4453 4471 4480 4483 4489 4495 4503 4531 4540 4561 4562 4563 4569 4608 4610 4654 4669 4703 4709 4753 4755 4763 4774 4783 4813 4841 4855 4864 4873 4923 4929 4945 4961 4980 4989 4994;
Charset Partition_23 = 13 23 28 29 32 44 62 78 90 101 124 131 141 145 169 180 185 195 201 203 209 217 254 267 272 294 315 337 344 345 346 366 368 378 379 383 385 412 416 431 441 474 482 494 516 535 537 548 572 591 592 607 608 640 685 703 707 715 718 742 745 768 777 778 791 793 813 835 843 872 874 884 909 916 943 945 962 1019 1028 1043 1066 1068 1088 1093 1095 1097 1104 1108 1142 1144 1146 1147 1152 1155 1165 1171 1172 1181 1210 1250 1251 1262 1264 1310 1343 1346 1356 1367 1389 1406 1421 1430 1465 1476 1498 1500 1573 1585 1592 1593 1595 1597 1603 1612 1616 1627 1635 1638 1641 1642 1651 1670 1675 1681 1699 1705 1738 1755 1756 1833 1871 1883 1890 1904 1910 1924 1950 1962 1998 2002 2026 2031 2032 2054 2061 2074 2075 2082 2137 2140 2151 2154 2174 2175 2177 2180 2190 2211 2219 2236 2242 2289 2292 2342 2368 2370 2380 2381 2406 2407 2419 2423 2433 2445 2446 2480 2493 2499 2529 2530 2564 2602 2609 2622 2629 2631 2637 2685 2700 2707 2719 2723 2734 2745 2750 2753 2755 2780 2805 2807 2828 2840 2854 2859 2873 2886 2890 2974 2977 2994 2996 2999 3007 3008 3009 3019 3029 3044 3058 3062 3068 3070 3073 3098 3124 3129 3133 3135 3158 3170 3209 3216 3228 3261 3266 3273 3274 3284 3296 3319 3328 3330 3333 3335 3337 3341 3371 3381 3403 3428 3432 3439 3474 3478 3511 3512 3539 3568 3570 3579 3583 3594 3612 3633 3634 3662 3663 3714 3737 3743 3753 3754 3773 3809 3813 3828 3831 3842 3848 3857 3866 3872 3892 3905 3923 3939 3966 3970 3972 3986 3995 4013 4027 4030 4031 4042 4046 4058 4063 4073 4079 4105 4133 4134 4153 4188 4191 4196 4199 4201 4202 4210 4212 4225 4228 4232 4256 4260 4301 4326 4339 4361 4382 4383 4400 4412 4443 4466 4475 4490 4500 4501 4509 4530 4532 4552 4555 4560 4579 4623 4631 4642 4671 4677 4681 4687 4702 4704 4717 4727 4728 4731 4732 4752 4797 4801 4809 4811 4825 4833 4842 4856 4862 4867 4875 4877 4885 4902 4907 4911 4931 4958 4969 4971 4985 4986;
Charset Partition_24 = 2 5 6 54 63 65 67 73 93 106 110 115 127 136 150 193 207 208 219 245 255 283 293 297 304 322 332 341 360 373 395 398 425 450 457 461 471 476 493 507 512 522 540 554 555 581 615 617 629 633 634 641 646 658 669 679 692 693 697 699 724 725 730 753 770 802 808 822 832 837 848 849 857 892 899 928 934 935 977 1021 1029 1050 1053 1112 1118 1119 1121 1134 1173 1214 1216 1323 1348 1365 1377 1387 1388 1393 1441 1448 1463 1468 1483 1534 1542 1548 1584 1598 1601 1622 1653 1667 1683 1712 1717 1720 1724 1740 1745 1749 1768 1770 1779 1780 1792 1808 1810 1846 1867 1878 1879 1882 1894 1932 1991 1994 2000 2030 2040 2052 2053 2068 2069 2078 2088 2090 2106 2107 2139 2145 2161 2165 2170 2176 2191 2225 2264 2267 2270 2272 2293 2297 2324 2326 2350 2363 2366 2392 2400 2418 2439 2456 2466 2477 2503 2533 2548 2553 2558 2570 2574 2575 2588 2594 2643 2659 2673 2728 2756 2764 2769 2770 2816 2817 2846 2849 2875 2885 2891 2904 2920 2927 2932 2960 2964 3016 3017 3020 3066 3076 3092 3093 3100 3102 3103 3116 3128 3157 3159 3178 3183 3187 3210 3213 3260 3264 3267 3272 3299 3304 3305 3351 3366 3377 3400 3414 3415 3429 3440 3451 3500 3529 3531 3548 3595 3598 3605 3609 3618 3647 3650 3657 3660 3664 3680 3723 3730 3751 3769 3771 3783 3795 3804 3805 3810 3822 3898 3901 3906 3909 3915 3924 3938 3951 3991 4049 4085 4088 4090 4092 4094 4111 4113 4115 4125 4141 4150 4165 4171 4190 4237 4245 4253 4267 4282 4296 4302 4332 4338 4353 4366 4368 4369 4407 4437 4450 4463 4470 4516 4539 4542 4557 4570 4577 4609 4612 4633 4636 4640 4648 4652 4670 4715 4720 4744 4749 4769 4776 4777 4780 4796 4805 4817 4882 4886 4909 4930 4936 4956 4992;
Charset Partition_25 = 30 50 56 91 103 109 125 133 149 162 167 168 186 189 215 224 228 233 234 265 282 289 302 340 343 351 354 365 376 384 414 429 475 511 517 566 606 623 625 627 632 675 702 726 731 765 825 841 852 890 893 904 932 938 939 959 967 971 979 985 998 1002 1005 1007 1027 1032 1071 1077 1085 1117 1123 1128 1156 1160 1177 1193 1196 1198 1206 1207 1219 1228 1236 1256 1258 1260 1281 1322 1325 1341 1344 1359 1379 1419 1470 1472 1493 1574 1582 1602 1618 1631 1636 1656 1660 1703 1704 1750 1762 1784 1787 1803 1825 1860 1865 1866 1870 1884 1896 1899 1930 1934 1963 1967 1982 1990 2001 2004 2016 2022 2046 2064 2096 2129 2132 2142 2158 2178 2192 2212 2243 2252 2266 2280 2288 2295 2315 2338 2347 2359 2367 2385 2388 2416 2437 2442 2447 2453 2481 2482 2485 2486 2502 2506 2513 2528 2539 2573 2603 2606 2607 2615 2645 2648 2649 2660 2668 2674 2721 2733 2768 2776 2782 2860 2880 2894 2907 2919 2924 2925 2958 2993 3018 3053 3074 3107 3108 3112 3120 3125 3137 3155 3168 3172 3175 3191 3206 3218 3234 3237 3301 3314 3368 3386 3422 3426 3449 3450 3452 3458 3463 3482 3489 3496 3501 3505 3519 3536 3547 3580 3631 3648 3678 3693 3713 3728 3733 3757 3765 3787 3812 3846 3858 3859 3888 3929 3952 3954 3967 4001 4008 4015 4020 4025 4045 4062 4070 4120 4144 4157 4238 4263 4266 4292 4300 4337 4358 4373 4377 4413 4429 4434 4439 4476 4515 4517 4522 4573 4578 4626 4667 4675 4696 4712 4718 4725 4745 4746 4748 4760 4794 4806 4826 4836 4839 4884 4896 4900 4954 4962;
Charset Partition_26 = 22 34 49 61 66 70 84 107 118 130 211 221 236 237 250 257 260 300 306 307 323 326 333 335 357 363 364 369 375 386 402 404 456 463 499 503 546 576 580 599 620 624 635 653 661 676 689 714 736 743 756 760 766 769 774 783 798 805 821 855 883 905 906 952 993 1015 1051 1052 1055 1062 1063 1067 1078 1114 1120 1163 1167 1168 1222 1227 1242 1247 1271 1302 1315 1324 1332 1361 1391 1397 1409 1428 1432 1456 1475 1491 1496 1504 1510 1521 1668 1710 1748 1775 1776 1783 1799 1815 1840 1856 1935 2007 2019 2028 2055 2079 2092 2099 2122 2135 2155 2200 2209 2223 2226 2230 2304 2343 2349 2365 2389 2396 2401 2404 2412 2414 2426 2429 2459 2476 2479 2510 2518 2523 2531 2563 2592 2610 2617 2669 2725 2785 2787 2799 2835 2843 2862 2866 2896 2916 2936 2955 2986 2997 3031 3033 3046 3059 3077 3110 3156 3176 3181 3186 3189 3193 3203 3207 3212 3224 3227 3235 3253 3256 3275 3286 3306 3308 3324 3326 3387 3397 3409 3411 3423 3424 3454 3491 3504 3506 3537 3645 3677 3736 3739 3747 3762 3779 3814 3824 3870 3875 3885 3896 3899 3900 3907 3936 3937 3946 3987 4019 4038 4081 4127 4146 4178 4182 4209 4211 4223 4231 4243 4276 4290 4303 4357 4370 4380 4386 4387 4390 4395 4426 4431 4441 4526 4586 4589 4600 4643 4691 4701 4711 4722 4773 4787 4788 4799 4829 4835 4840 4847 4898 4899 4910 4922 4949 4959 4979;
Charset Partition_27 = 31 47 59 75 79 165 222 230 241 261 279 281 287 317 318 328 347 356 367 396 399 418 427 430 432 433 445 472 495 502 526 530 532 545 549 552 575 585 611 643 644 654 678 761 859 860 861 913 921 923 955 978 986 989 1039 1048 1072 1154 1174 1178 1215 1218 1239 1294 1296 1306 1314 1358 1385 1423 1451 1486 1487 1530 1561 1570 1609 1632 1646 1655 1676 1721 1766 1773 1793 1809 1829 1837 1844 1858 1895 1916 1954 1955 1956 2013 2035 2062 2100 2109 2114 2148 2160 2231 2240 2253 2258 2300 2364 2383 2421 2425 2438 2460 2478 2490 2498 2515 2525 2526 2552 2556 2557 2567 2598 2612 2664 2693 2702 2710 2731 2758 2771 2796 2797 2814 2819 2822 2834 2870 2878 2882 2883 2892 2922 2935 2938 2942 2989 3041 3042 3060 3087 3099 3134 3153 3171 3194 3198 3202 3208 3214 3247 3248 3313 3315 3316 3343 3353 3354 3361 3373 3388 3389 3395 3398 3402 3405 3456 3481 3502 3535 3538 3553 3554 3556 3587 3614 3658 3710 3738 3759 3776 3830 3851 3855 3865 3913 3940 3975 3993 4005 4072 4101 4156 4163 4186 4193 4194 4219 4247 4257 4275 4293 4297 4298 4299 4360 4374 4375 4379 4391 4398 4399 4401 4416 4422 4425 4462 4467 4506 4511 4534 4538 4549 4597 4601 4613 4615 4698 4700 4724 4802 4831 4852 4872 4901 4904 4913 4934;
Charset Partition_28 = 1 17 18 39 119 126 153 161 183 205 214 232 243 249 405 465 478 484 559 564 583 594 663 682 705 710 750 757 789 809 829 836 838 870 878 888 925 927 956 972 980 983 990 1003 1036 1041 1057 1065 1125 1140 1186 1226 1243 1263 1278 1309 1360 1408 1410 1411 1427 1436 1446 1455 1473 1503 1519 1531 1536 1560 1566 1575 1580 1611 1617 1626 1665 1679 1691 1694 1719 1728 1752 1794 1795 1796 1805 1819 1830 1843 1887 1929 1949 1966 1999 2033 2038 2044 2050 2111 2136 2152 2207 2213 2232 2239 2255 2261 2284 2323 2354 2411 2448 2454 2467 2543 2545 2568 2682 2687 2705 2708 2713 2825 2827 2928 2948 2981 2984 3005 3006 3028 3037 3057 3071 3079 3085 3109 3132 3139 3225 3278 3291 3295 3321 3342 3346 3363 3399 3480 3483 3591 3638 3675 3721 3732 3746 3748 3803 3808 3815 3884 3926 3928 3969 3978 4028 4036 4044 4077 4082 4126 4169 4173 4184 4205 4229 4274 4279 4284 4287 4328 4345 4404 4405 4433 4551 4559 4576 4581 4598 4625 4641 4651 4656 4705 4726 4741 4764 4772 4781 4812 4821 4834 4848 4849 4859 4865 4880 4890 4894 4953 4978 4990 4993;
Charset Partition_29 = 7 20 52 190 273 338 390 428 510 518 560 561 605 814 844 851 903 920 951 1013 1030 1058 1103 1149 1153 1179 1191 1237 1245 1252 1295 1308 1333 1433 1469 1494 1501 1569 1678 1725 1727 1781 1861 1909 1979 2008 2015 2057 2063 2086 2104 2112 2184 2189 2193 2203 2245 2273 2282 2355 2484 2487 2488 2491 2593 2635 2680 2686 2744 2792 2869 2874 2879 2931 2937 3004 3035 3069 3115 3167 3289 3390 3396 3401 3413 3445 3446 3461 3469 3523 3573 3602 3622 3630 3696 3752 3943 4002 4084 4091 4102 4114 4130 4242 4342 4359 4385 4394 4409 4438 4488 4524 4537 4545 4593 4634 4723 4739 4791 4810 4861 4915 4940 4950;
Charset Partition_30 = 42 55 114 143 152 178 184 198 223 225 235 352 422 487 616 622 683 687 716 759 773 804 896 929 1099 1133 1249 1290 1319 1331 1335 1351 1396 1425 1467 1478 1507 1555 1620 1669 1824 1834 1881 1891 1985 2143 2229 2251 2321 2348 2386 2403 2441 2501 2517 2536 2540 2600 2632 2642 2650 2689 2709 2715 2722 2893 2990 3083 3164 3292 3357 3427 3466 3503 3526 3564 3613 3653 3703 3704 3735 3760 3788 3873 3897 3989 4050 4170 4192 4203 4218 4241 4347 4354 4440 4485 4502 4548 4574 4629 4680 4682 4708 4729 4730 4738 4740 4762 4789 4850 4851 4858 4869 4905;
Charset Partition_31 = 14 37 43 58 74 98 104 121 142 166 174 175 181 197 204 212 239 246 263 280 286 288 305 313 329 330 353 362 374 388 391 417 419 420 436 439 458 470 477 498 500 501 521 531 550 553 556 562 567 586 595 598 610 618 631 639 642 645 649 652 660 665 672 684 688 691 698 713 751 755 758 775 784 790 794 797 799 801 810 811 812 816 826 834 840 850 854 873 879 882 902 908 910 912 930 931 947 954 958 969 1001 1017 1018 1049 1060 1082 1092 1094 1102 1157 1184 1194 1223 1232 1254 1255 1259 1265 1270 1280 1284 1285 1288 1327 1334 1363 1371 1376 1398 1400 1407 1418 1431 1440 1443 1474 1497 1502 1508 1512 1525 1528 1529 1541 1543 1549 1550 1556 1567 1577 1581 1591 1604 1605 1607 1619 1629 1637 1647 1652 1654 1658 1677 1700 1730 1751 1754 1759 1772 1801 1802 1807 1863 1869 1901 1906 1907 1933 1940 1943 1945 1960 1974 1977 1989 1995 1997 2003 2005 2009 2021 2023 2085 2089 2094 2103 2108 2125 2138 2144 2181 2187 2206 2244 2262 2265 2271 2277 2285 2294 2299 2305 2310 2314 2332 2351 2398 2417 2430 2436 2440 2449 2462 2470 2483 2504 2508 2520 2535 2537 2538 2546 2571 2577 2581 2595 2613 2628 2638 2665 2671 2678 2688 2691 2694 2718 2730 2751 2754 2757 2762 2767 2773 2777 2786 2794 2798 2801 2806 2830 2837 2851 2867 2877 2888 2889 2903 2915 2940 2946 2957 2959 2971 2998 3024 3025 3081 3089 3123 3130 3142 3150 3169 3177 3196 3217 3229 3230 3240 3243 3245 3254 3255 3263 3271 3277 3300 3303 3309 3312 3406 3412 3425 3441 3444 3453 3465 3468 3479 3499 3510 3520 3524 3530 3540 3541 3551 3552 3558 3562 3578 3603 3606 3617 3624 3636 3644 3649 3652 3654 3656 3667 3668 3689 3695 3697 3709 3715 3718 3725 3744 3745 3749 3767 3775 3784 3802 3806 3811 3820 3834 3836 3844 3847 3850 3889 3895 3916 3921 3941 3953 3968 3977 3981 3985 3988 3996 3999 4000 4003 4033 4040 4064 4080 4096 4098 4099 4108 4142 4149 4154 4162 4164 4179 4181 4185 4187 4197 4200 4206 4207 4233 4234 4235 4261 4273 4289 4295 4307 4309 4316 4324 4327 4330 4343 4350 4392 4402 4421 4449 4454 4456 4459 4461 4479 4487 4491 4494 4499 4505 4527 4547 4585 4587 4594 4607 4637 4639 4650 4678 4684 4685 4686 4699 4713 4714 4735 4737 4758 4775 4778 4779 4807 4820 4837 4857 4860 4883 4906 4914 4918 4927 4928 4944 4960 4987 4991;
partition Partitions = 31: Partition_1, Partition_2, Partition_3, Partition_4, Partition_5, Partition_6, Partition_7, Partition_8, Partition_9, Partition_10, Partition_11, Partition_12, Partition_13, Partition_14, Partition_15, Partition_16, Partition_17, Partition_18, Partition_19, Partition_20, Partition_21, Partition_22, Partition_23, Partition_24, Partition_25, Partition_26, Partition_27, Partition_28, Partition_29, Partition_30, Partition_31;
set partition = Partitions;


PHYLIP  style
DNA, Partition_1 = 720
DNA, Partition_3 = 86, 4363
DNA, Partition_4 = 523, 3378, 4322, 4323
DNA, Partition_5 = 464, 2217, 2275, 3065, 3599, 4329, 4838, 4972
DNA, Partition_6 = 94, 156, 708, 1926, 2041, 2210, 2312, 2374, 3329, 3561
DNA, Partition_7 = 227, 314, 473, 630, 1527, 1732, 2339, 2724, 3944, 4110, 4784, 4866
DNA, Partition_8 = 325, 600, 776, 782, 819, 1026, 1364, 1757, 2249, 2634, 2848, 3226, 3883
DNA, Partition_9 = 112, 491, 876, 946, 1122, 1368, 1615, 1722, 1774, 2424, 2512, 2941, 3021, 3072, 3683, 3756, 3878, 4646, 4822
DNA, Partition_10 = 244, 469, 886, 1303, 1489, 1509, 1524, 1624, 1915, 2198, 2222, 2427, 2781, 2861, 2914, 2954, 3050, 3154, 3320, 3408, 3473, 3601, 3720, 3862, 3871, 4216, 4268, 4620, 4952
DNA, Partition_11 = 19, 248, 446, 527, 666, 723, 781, 966, 1059, 1091, 1362, 1520, 1726, 1753, 1761, 1769, 1777, 1818, 1850, 1975, 2029, 2131, 2172, 2228, 2712, 2872, 3233, 3285, 3293, 3310, 3355, 3492, 3574, 3934, 4016, 4344, 4371, 4446, 4458, 4575, 4596, 4785, 4943
DNA, Partition_12 = 25, 173, 182, 188, 284, 401, 619, 746, 996, 1070, 1075, 1148, 1161, 1267, 1279, 1298, 1578, 1674, 1692, 1928, 1947, 2012, 2059, 2070, 2171, 2199, 2306, 2382, 2393, 2465, 2473, 2569, 2619, 2626, 2661, 2684, 2887, 2956, 2982, 3000, 3246, 3370, 3372, 3581, 3610, 3742, 3841, 3845, 3869, 3976, 4093, 4314, 4317, 4566, 4603, 4733, 4750, 4790, 4792, 4941, 4966
DNA, Partition_13 = 15, 45, 108, 113, 128, 155, 202, 291, 296, 312, 331, 334, 462, 528, 647, 659, 728, 788, 919, 933, 957, 973, 1105, 1135, 1137, 1145, 1169, 1233, 1238, 1266, 1286, 1413, 1458, 1495, 1514, 1545, 1687, 1698, 1817, 1859, 1917, 2048, 2113, 2127, 2141, 2150, 2182, 2196, 2269, 2362, 2379, 2431, 2672, 2772, 2813, 2865, 2876, 2905, 2947, 2949, 3001, 3026, 3048, 3090, 3166, 3182, 3242, 3259, 3302, 3339, 3528, 3615, 3688, 3691, 3731, 3766, 3790, 3838, 3853, 3863, 3868, 3881, 4007, 4089, 4230, 4239, 4285, 4423, 4590, 4632, 4719, 4736, 4816, 4976, 4988
DNA, Partition_14 = 100, 134, 172, 194, 213, 252, 295, 298, 355, 392, 447, 481, 673, 749, 881, 889, 965, 982, 1031, 1101, 1138, 1205, 1213, 1244, 1277, 1307, 1336, 1352, 1354, 1415, 1480, 1523, 1537, 1546, 1588, 1628, 1672, 1715, 1723, 1823, 1831, 1851, 1908, 2036, 2071, 2119, 2147, 2153, 2164, 2167, 2205, 2320, 2472, 2494, 2500, 2509, 2599, 2623, 2624, 2658, 2683, 2765, 2774, 2788, 2852, 2900, 2975, 2987, 3038, 3148, 3241, 3244, 3347, 3374, 3486, 3514, 3543, 3560, 3575, 3671, 3821, 3856, 3910, 3932, 3983, 4021, 4078, 4107, 4172, 4217, 4221, 4248, 4258, 4318, 4384, 4473, 4481, 4599, 4655, 4804, 4895, 4955
DNA, Partition_15 = 9, 27, 89, 154, 199, 256, 266, 275, 336, 349, 350, 358, 423, 438, 453, 509, 571, 579, 638, 668, 681, 863, 988, 1010, 1096, 1129, 1220, 1292, 1300, 1320, 1392, 1422, 1490, 1517, 1599, 1613, 1621, 1630, 1634, 1711, 1739, 1771, 1806, 1813, 1902, 1941, 1951, 2039, 2077, 2118, 2268, 2307, 2328, 2341, 2373, 2415, 2422, 2435, 2507, 2516, 2522, 2583, 2587, 2608, 2616, 2697, 2698, 2736, 2739, 2747, 2749, 2752, 2784, 2795, 2815, 2845, 2918, 2921, 2973, 3032, 3174, 3281, 3325, 3419, 3459, 3563, 3584, 3629, 3676, 3750, 3772, 3849, 3894, 3948, 3957, 3959, 3990, 4004, 4039, 4109, 4129, 4175, 4254, 4255, 4321, 4331, 4365, 4372, 4388, 4389, 4484, 4553, 4580, 4644, 4649, 4676, 4679, 4683, 4887, 4908, 4921, 4938, 4948, 4974
DNA, Partition_16 = 11, 24, 33, 157, 164, 170, 231, 238, 348, 372, 411, 442, 443, 519, 520, 524, 596, 614, 667, 690, 701, 712, 732, 796, 864, 875, 915, 968, 1025, 1130, 1136, 1139, 1159, 1175, 1197, 1269, 1274, 1283, 1316, 1329, 1342, 1438, 1449, 1477, 1481, 1552, 1563, 1586, 1664, 1706, 1716, 1729, 1733, 1782, 1789, 1855, 1888, 1893, 1931, 1983, 2006, 2017, 2025, 2049, 2056, 2065, 2066, 2157, 2234, 2291, 2309, 2330, 2434, 2461, 2471, 2489, 2527, 2541, 2547, 2565, 2585, 2589, 2611, 2627, 2675, 2720, 2732, 2760, 2842, 2961, 2969, 3184, 3200, 3323, 3334, 3360, 3362, 3380, 3384, 3394, 3407, 3447, 3457, 3464, 3488, 3515, 3525, 3600, 3632, 3641, 3642, 3729, 3761, 3786, 3792, 3801, 3807, 3833, 3876, 3908, 3917, 3918, 3935, 3962, 3971, 4012, 4014, 4023, 4034, 4087, 4137, 4269, 4277, 4286, 4315, 4340, 4367, 4417, 4460, 4508, 4529, 4591, 4658, 4659, 4664, 4665, 4674, 4766, 4793, 4876, 4879, 4916, 4963, 4975, 4995
DNA, Partition_17 = 36, 80, 111, 122, 123, 139, 177, 187, 206, 220, 247, 251, 253, 259, 262, 290, 316, 359, 393, 435, 455, 483, 485, 488, 505, 558, 582, 694, 771, 779, 786, 806, 830, 856, 885, 891, 897, 940, 1000, 1008, 1011, 1126, 1132, 1164, 1170, 1190, 1199, 1240, 1282, 1299, 1304, 1317, 1339, 1345, 1349, 1382, 1424, 1434, 1518, 1526, 1554, 1594, 1633, 1657, 1661, 1666, 1680, 1693, 1701, 1702, 1734, 1744, 1758, 1804, 1821, 1835, 1848, 1889, 1900, 1925, 1959, 1987, 2037, 2058, 2076, 2080, 2169, 2254, 2296, 2311, 2327, 2336, 2352, 2377, 2391, 2458, 2492, 2495, 2505, 2521, 2544, 2549, 2560, 2625, 2633, 2636, 2690, 2741, 2763, 2789, 2793, 2800, 2802, 2863, 2871, 2897, 2902, 2906, 2910, 2943, 2951, 2968, 3023, 3039, 3045, 3049, 3055, 3088, 3096, 3173, 3197, 3201, 3223, 3252, 3270, 3276, 3279, 3283, 3311, 3336, 3356, 3359, 3375, 3382, 3421, 3434, 3460, 3493, 3521, 3527, 3532, 3646, 3669, 3679, 3692, 3694, 3706, 3707, 3712, 3755, 3781, 3823, 3949, 3980, 3992, 4024, 4026, 4029, 4048, 4055, 4056, 4068, 4075, 4097, 4100, 4140, 4160, 4236, 4249, 4270, 4280, 4281, 4305, 4320, 4333, 4381, 4393, 4410, 4411, 4420, 4432, 4436, 4498, 4507, 4514, 4544, 4550, 4595, 4605, 4616, 4624, 4673, 4692, 4734, 4747, 4759, 4782, 4803, 4819, 4823, 4827, 4868, 4874, 4889, 4893, 4917, 4920, 4926, 4935, 4996
DNA, Partition_18 = 38, 40, 68, 88, 102, 117, 144, 160, 192, 196, 200, 303, 342, 361, 377, 400, 408, 413, 448, 454, 468, 506, 529, 557, 587, 589, 637, 686, 695, 711, 717, 735, 739, 740, 748, 815, 817, 823, 831, 842, 846, 853, 895, 914, 950, 961, 964, 1012, 1016, 1022, 1037, 1064, 1069, 1109, 1111, 1127, 1192, 1209, 1229, 1246, 1272, 1276, 1289, 1293, 1301, 1350, 1374, 1380, 1384, 1399, 1416, 1437, 1444, 1454, 1462, 1484, 1492, 1499, 1505, 1533, 1540, 1571, 1583, 1623, 1662, 1685, 1707, 1714, 1736, 1746, 1816, 1827, 1838, 1841, 1864, 1885, 1914, 1946, 1953, 1978, 1988, 1992, 1996, 2051, 2087, 2091, 2097, 2115, 2133, 2163, 2168, 2183, 2237, 2238, 2250, 2256, 2259, 2263, 2283, 2286, 2303, 2313, 2322, 2331, 2333, 2337, 2346, 2356, 2372, 2375, 2378, 2387, 2402, 2410, 2428, 2554, 2572, 2591, 2597, 2604, 2641, 2653, 2656, 2663, 2701, 2704, 2821, 2826, 2832, 2836, 2864, 2868, 2881, 2908, 2912, 2923, 2963, 2965, 2983, 2992, 3010, 3011, 3030, 3084, 3086, 3114, 3122, 3126, 3127, 3131, 3143, 3146, 3147, 3161, 3179, 3190, 3204, 3219, 3221, 3232, 3236, 3265, 3287, 3294, 3317, 3318, 3332, 3345, 3352, 3364, 3369, 3383, 3420, 3436, 3467, 3470, 3472, 3475, 3494, 3498, 3508, 3509, 3544, 3549, 3572, 3588, 3608, 3625, 3635, 3640, 3651, 3655, 3661, 3672, 3681, 3682, 3719, 3724, 3758, 3764, 3768, 3782, 3793, 3827, 3829, 3840, 3867, 3893, 3911, 3942, 3950, 3958, 3963, 3997, 4060, 4061, 4069, 4116, 4117, 4118, 4124, 4135, 4143, 4159, 4176, 4177, 4195, 4288, 4291, 4313, 4319, 4335, 4341, 4419, 4430, 4435, 4445, 4447, 4455, 4468, 4477, 4492, 4513, 4518, 4528, 4536, 4543, 4558, 4568, 4572, 4588, 4592, 4619, 4621, 4627, 4630, 4635, 4657, 4660, 4661, 4662, 4672, 4695, 4721, 4756, 4768, 4800, 4814, 4815, 4824, 4845, 4853, 4863, 4871, 4878, 4888, 4912, 4919, 4947, 4999
DNA, Partition_19 = 12, 35, 46, 57, 92, 96, 146, 158, 163, 176, 226, 240, 242, 268, 270, 276, 309, 382, 389, 394, 434, 452, 459, 466, 467, 479, 513, 525, 533, 544, 547, 563, 565, 568, 603, 626, 636, 650, 651, 721, 729, 734, 737, 747, 807, 818, 824, 828, 845, 847, 858, 865, 866, 877, 898, 907, 911, 917, 922, 936, 963, 981, 984, 991, 995, 997, 1009, 1020, 1023, 1033, 1042, 1046, 1061, 1079, 1086, 1087, 1089, 1110, 1115, 1150, 1183, 1201, 1203, 1204, 1217, 1225, 1230, 1231, 1248, 1253, 1261, 1275, 1313, 1353, 1369, 1372, 1386, 1395, 1403, 1435, 1442, 1460, 1466, 1471, 1506, 1511, 1515, 1532, 1538, 1559, 1562, 1565, 1576, 1608, 1610, 1625, 1639, 1644, 1645, 1697, 1708, 1718, 1731, 1735, 1763, 1764, 1786, 1826, 1839, 1845, 1849, 1862, 1868, 1877, 1897, 1898, 1927, 1937, 1948, 1952, 1957, 1969, 1980, 1981, 2014, 2024, 2128, 2179, 2186, 2188, 2202, 2214, 2215, 2216, 2247, 2260, 2329, 2334, 2335, 2384, 2395, 2397, 2443, 2455, 2468, 2474, 2496, 2497, 2542, 2550, 2559, 2614, 2620, 2630, 2676, 2696, 2699, 2716, 2727, 2737, 2740, 2743, 2748, 2779, 2790, 2804, 2810, 2811, 2812, 2820, 2824, 2839, 2899, 2952, 2967, 2970, 2979, 2980, 3003, 3027, 3036, 3061, 3064, 3080, 3094, 3097, 3101, 3119, 3141, 3162, 3188, 3195, 3262, 3290, 3349, 3350, 3379, 3393, 3410, 3433, 3435, 3442, 3477, 3484, 3497, 3516, 3517, 3545, 3546, 3559, 3566, 3585, 3586, 3590, 3596, 3597, 3607, 3611, 3628, 3643, 3659, 3666, 3700, 3701, 3797, 3816, 3825, 3860, 3861, 3864, 3879, 3882, 3887, 3891, 3914, 3956, 3964, 3982, 3994, 4006, 4010, 4011, 4041, 4047, 4076, 4103, 4123, 4131, 4139, 4155, 4166, 4168, 4208, 4220, 4226, 4240, 4272, 4351, 4355, 4362, 4376, 4378, 4403, 4414, 4424, 4486, 4497, 4504, 4523, 4525, 4533, 4541, 4546, 4556, 4584, 4604, 4611, 4617, 4638, 4645, 4690, 4694, 4706, 4707, 4710, 4765, 4767, 4771, 4798, 4846, 4854, 4924, 4932, 4951, 4965, 4982, 4983, 4984, 5000
DNA, Partition_20 = 3, 8, 10, 21, 26, 51, 64, 69, 72, 77, 81, 83, 132, 140, 148, 159, 171, 179, 258, 277, 278, 285, 327, 370, 381, 403, 406, 409, 410, 421, 460, 486, 492, 514, 515, 542, 543, 551, 569, 573, 574, 584, 597, 604, 612, 613, 628, 664, 680, 696, 709, 719, 738, 752, 764, 767, 785, 800, 862, 868, 894, 926, 937, 948, 976, 999, 1004, 1024, 1040, 1080, 1081, 1083, 1100, 1107, 1124, 1151, 1188, 1189, 1195, 1212, 1257, 1291, 1297, 1311, 1338, 1370, 1381, 1401, 1402, 1412, 1414, 1417, 1426, 1457, 1459, 1516, 1539, 1544, 1547, 1551, 1564, 1568, 1587, 1590, 1614, 1640, 1663, 1682, 1689, 1765, 1800, 1832, 1836, 1847, 1852, 1853, 1857, 1872, 1873, 1903, 1913, 1918, 1920, 1923, 1938, 1944, 1973, 1976, 1984, 1986, 2011, 2020, 2034, 2042, 2060, 2093, 2095, 2098, 2117, 2124, 2134, 2146, 2156, 2173, 2195, 2201, 2204, 2233, 2257, 2316, 2317, 2318, 2340, 2344, 2345, 2358, 2361, 2413, 2420, 2444, 2450, 2451, 2452, 2511, 2514, 2524, 2532, 2551, 2596, 2605, 2621, 2644, 2646, 2654, 2666, 2670, 2679, 2681, 2703, 2726, 2746, 2761, 2766, 2829, 2831, 2850, 2855, 2857, 2858, 2901, 2911, 2926, 2930, 2933, 2934, 2966, 2972, 2988, 2995, 3013, 3015, 3040, 3047, 3051, 3106, 3111, 3113, 3117, 3118, 3121, 3136, 3144, 3152, 3185, 3199, 3205, 3238, 3250, 3251, 3257, 3280, 3288, 3340, 3348, 3367, 3391, 3437, 3462, 3485, 3495, 3534, 3550, 3577, 3582, 3589, 3592, 3593, 3604, 3616, 3621, 3626, 3627, 3670, 3690, 3711, 3722, 3734, 3740, 3774, 3780, 3785, 3791, 3794, 3796, 3798, 3818, 3819, 3832, 3839, 3874, 3886, 3890, 3904, 3912, 3919, 3925, 3927, 3931, 3945, 3961, 3973, 4051, 4053, 4065, 4074, 4086, 4106, 4136, 4145, 4148, 4161, 4213, 4224, 4227, 4244, 4252, 4259, 4262, 4278, 4283, 4304, 4308, 4325, 4336, 4396, 4397, 4408, 4418, 4427, 4444, 4464, 4465, 4474, 4478, 4482, 4519, 4520, 4535, 4564, 4567, 4571, 4582, 4583, 4606, 4622, 4628, 4647, 4653, 4693, 4751, 4754, 4757, 4761, 4770, 4786, 4795, 4843, 4891, 4892, 4925, 4933, 4939, 4942, 4957, 4964, 4968, 4977, 4981, 4998
DNA, Partition_21 = 41, 71, 97, 116, 137, 147, 191, 210, 274, 292, 299, 301, 311, 320, 371, 380, 387, 424, 437, 440, 444, 480, 489, 497, 504, 508, 536, 538, 577, 578, 588, 593, 601, 609, 656, 657, 662, 674, 677, 700, 704, 706, 733, 763, 780, 787, 803, 827, 839, 869, 880, 887, 901, 924, 941, 944, 949, 953, 974, 975, 994, 1034, 1035, 1045, 1054, 1056, 1076, 1098, 1106, 1113, 1131, 1158, 1176, 1180, 1182, 1185, 1200, 1211, 1268, 1312, 1326, 1328, 1330, 1337, 1347, 1373, 1383, 1390, 1404, 1405, 1429, 1439, 1445, 1450, 1453, 1464, 1482, 1513, 1535, 1558, 1572, 1589, 1600, 1643, 1649, 1650, 1659, 1671, 1673, 1684, 1688, 1690, 1695, 1696, 1709, 1741, 1743, 1767, 1785, 1790, 1798, 1811, 1812, 1842, 1876, 1880, 1886, 1892, 1905, 1912, 1922, 1936, 1939, 1942, 1958, 1961, 1970, 1971, 1972, 2027, 2047, 2081, 2083, 2102, 2105, 2110, 2120, 2126, 2130, 2149, 2162, 2166, 2218, 2221, 2224, 2227, 2241, 2246, 2274, 2276, 2287, 2298, 2301, 2308, 2319, 2325, 2357, 2369, 2390, 2399, 2405, 2463, 2464, 2469, 2534, 2555, 2562, 2576, 2578, 2579, 2582, 2586, 2590, 2639, 2647, 2651, 2657, 2662, 2667, 2692, 2695, 2711, 2714, 2717, 2729, 2738, 2759, 2775, 2778, 2783, 2791, 2809, 2818, 2853, 2895, 2898, 2913, 2929, 2976, 2991, 3022, 3034, 3052, 3063, 3078, 3082, 3095, 3105, 3140, 3149, 3151, 3165, 3220, 3239, 3249, 3268, 3269, 3282, 3297, 3298, 3307, 3322, 3331, 3338, 3344, 3358, 3365, 3376, 3385, 3392, 3404, 3416, 3417, 3418, 3431, 3448, 3471, 3476, 3487, 3490, 3522, 3533, 3542, 3557, 3565, 3620, 3623, 3673, 3674, 3687, 3702, 3705, 3708, 3716, 3717, 3726, 3763, 3777, 3778, 3800, 3826, 3837, 3854, 3902, 3922, 3930, 3960, 3979, 3998, 4009, 4017, 4018, 4059, 4066, 4067, 4083, 4104, 4119, 4121, 4122, 4128, 4132, 4138, 4152, 4158, 4167, 4183, 4204, 4251, 4264, 4265, 4294, 4306, 4311, 4312, 4346, 4348, 4448, 4457, 4469, 4472, 4493, 4496, 4510, 4512, 4521, 4554, 4565, 4602, 4614, 4618, 4663, 4666, 4668, 4688, 4689, 4697, 4716, 4742, 4743, 4808, 4818, 4828, 4830, 4832, 4844, 4870, 4881, 4897, 4903, 4937, 4946, 4967, 4970, 4973, 4997
DNA, Partition_22 = 4, 16, 48, 53, 60, 76, 82, 85, 87, 95, 99, 105, 120, 129, 135, 138, 151, 216, 218, 229, 264, 269, 271, 308, 310, 319, 321, 324, 339, 397, 407, 415, 426, 449, 451, 490, 496, 534, 539, 541, 570, 590, 602, 621, 648, 655, 670, 671, 722, 727, 741, 744, 754, 762, 772, 792, 795, 820, 833, 867, 871, 900, 918, 942, 960, 970, 987, 992, 1006, 1014, 1038, 1044, 1047, 1073, 1074, 1084, 1090, 1116, 1141, 1143, 1162, 1166, 1187, 1202, 1208, 1221, 1224, 1234, 1235, 1241, 1273, 1287, 1305, 1318, 1321, 1340, 1355, 1357, 1366, 1375, 1378, 1394, 1420, 1447, 1452, 1461, 1479, 1485, 1488, 1522, 1553, 1557, 1579, 1596, 1606, 1648, 1686, 1713, 1737, 1742, 1747, 1760, 1778, 1788, 1791, 1797, 1814, 1820, 1822, 1828, 1854, 1874, 1875, 1911, 1919, 1921, 1964, 1965, 1968, 1993, 2010, 2018, 2043, 2045, 2067, 2072, 2073, 2084, 2101, 2116, 2121, 2123, 2159, 2185, 2194, 2197, 2208, 2220, 2235, 2248, 2278, 2279, 2281, 2290, 2302, 2353, 2360, 2371, 2376, 2394, 2408, 2409, 2432, 2457, 2475, 2519, 2561, 2566, 2580, 2584, 2601, 2618, 2640, 2652, 2655, 2677, 2706, 2735, 2742, 2803, 2808, 2823, 2833, 2838, 2841, 2844, 2847, 2856, 2884, 2909, 2917, 2939, 2944, 2945, 2950, 2953, 2962, 2978, 2985, 3002, 3012, 3014, 3043, 3054, 3056, 3067, 3075, 3091, 3104, 3138, 3145, 3160, 3163, 3180, 3192, 3211, 3215, 3222, 3231, 3258, 3327, 3430, 3438, 3443, 3455, 3507, 3513, 3518, 3555, 3567, 3569, 3571, 3576, 3619, 3637, 3639, 3665, 3684, 3685, 3686, 3698, 3699, 3727, 3741, 3770, 3789, 3799, 3817, 3835, 3843, 3852, 3877, 3880, 3903, 3920, 3933, 3947, 3955, 3965, 3974, 3984, 4022, 4032, 4035, 4037, 4043, 4052, 4054, 4057, 4071, 4095, 4112, 4147, 4151, 4174, 4180, 4189, 4198, 4214, 4215, 4222, 4246, 4250, 4271, 4310, 4334, 4349, 4352, 4356, 4364, 4406, 4415, 4428, 4442, 4451, 4452, 4453, 4471, 4480, 4483, 4489, 4495, 4503, 4531, 4540, 4561, 4562, 4563, 4569, 4608, 4610, 4654, 4669, 4703, 4709, 4753, 4755, 4763, 4774, 4783, 4813, 4841, 4855, 4864, 4873, 4923, 4929, 4945, 4961, 4980, 4989, 4994
DNA, Partition_23 = 13, 23, 28, 29, 32, 44, 62, 78, 90, 101, 124, 131, 141, 145, 169, 180, 185, 195, 201, 203, 209, 217, 254, 267, 272, 294, 315, 337, 344, 345, 346, 366, 368, 378, 379, 383, 385, 412, 416, 431, 441, 474, 482, 494, 516, 535, 537, 548, 572, 591, 592, 607, 608, 640, 685, 703, 707, 715, 718, 742, 745, 768, 777, 778, 791, 793, 813, 835, 843, 872, 874, 884, 909, 916, 943, 945, 962, 1019, 1028, 1043, 1066, 1068, 1088, 1093, 1095, 1097, 1104, 1108, 1142, 1144, 1146, 1147, 1152, 1155, 1165, 1171, 1172, 1181, 1210, 1250, 1251, 1262, 1264, 1310, 1343, 1346, 1356, 1367, 1389, 1406, 1421, 1430, 1465, 1476, 1498, 1500, 1573, 1585, 1592, 1593, 1595, 1597, 1603, 1612, 1616, 1627, 1635, 1638, 1641, 1642, 1651, 1670, 1675, 1681, 1699, 1705, 1738, 1755, 1756, 1833, 1871, 1883, 1890, 1904, 1910, 1924, 1950, 1962, 1998, 2002, 2026, 2031, 2032, 2054, 2061, 2074, 2075, 2082, 2137, 2140, 2151, 2154, 2174, 2175, 2177, 2180, 2190, 2211, 2219, 2236, 2242, 2289, 2292, 2342, 2368, 2370, 2380, 2381, 2406, 2407, 2419, 2423, 2433, 2445, 2446, 2480, 2493, 2499, 2529, 2530, 2564, 2602, 2609, 2622, 2629, 2631, 2637, 2685, 2700, 2707, 2719, 2723, 2734, 2745, 2750, 2753, 2755, 2780, 2805, 2807, 2828, 2840, 2854, 2859, 2873, 2886, 2890, 2974, 2977, 2994, 2996, 2999, 3007, 3008, 3009, 3019, 3029, 3044, 3058, 3062, 3068, 3070, 3073, 3098, 3124, 3129, 3133, 3135, 3158, 3170, 3209, 3216, 3228, 3261, 3266, 3273, 3274, 3284, 3296, 3319, 3328, 3330, 3333, 3335, 3337, 3341, 3371, 3381, 3403, 3428, 3432, 3439, 3474, 3478, 3511, 3512, 3539, 3568, 3570, 3579, 3583, 3594, 3612, 3633, 3634, 3662, 3663, 3714, 3737, 3743, 3753, 3754, 3773, 3809, 3813, 3828, 3831, 3842, 3848, 3857, 3866, 3872, 3892, 3905, 3923, 3939, 3966, 3970, 3972, 3986, 3995, 4013, 4027, 4030, 4031, 4042, 4046, 4058, 4063, 4073, 4079, 4105, 4133, 4134, 4153, 4188, 4191, 4196, 4199, 4201, 4202, 4210, 4212, 4225, 4228, 4232, 4256, 4260, 4301, 4326, 4339, 4361, 4382, 4383, 4400, 4412, 4443, 4466, 4475, 4490, 4500, 4501, 4509, 4530, 4532, 4552, 4555, 4560, 4579, 4623, 4631, 4642, 4671, 4677, 4681, 4687, 4702, 4704, 4717, 4727, 4728, 4731, 4732, 4752, 4797, 4801, 4809, 4811, 4825, 4833, 4842, 4856, 4862, 4867, 4875, 4877, 4885, 4902, 4907, 4911, 4931, 4958, 4969, 4971, 4985, 4986
DNA, Partition_24 = 2, 5, 6, 54, 63, 65, 67, 73, 93, 106, 110, 115, 127, 136, 150, 193, 207, 208, 219, 245, 255, 283, 293, 297, 304, 322, 332, 341, 360, 373, 395, 398, 425, 450, 457, 461, 471, 476, 493, 507, 512, 522, 540, 554, 555, 581, 615, 617, 629, 633, 634, 641, 646, 658, 669, 679, 692, 693, 697, 699, 724, 725, 730, 753, 770, 802, 808, 822, 832, 837, 848, 849, 857, 892, 899, 928, 934, 935, 977, 1021, 1029, 1050, 1053, 1112, 1118, 1119, 1121, 1134, 1173, 1214, 1216, 1323, 1348, 1365, 1377, 1387, 1388, 1393, 1441, 1448, 1463, 1468, 1483, 1534, 1542, 1548, 1584, 1598, 1601, 1622, 1653, 1667, 1683, 1712, 1717, 1720, 1724, 1740, 1745, 1749, 1768, 1770, 1779, 1780, 1792, 1808, 1810, 1846, 1867, 1878, 1879, 1882, 1894, 1932, 1991, 1994, 2000, 2030, 2040, 2052, 2053, 2068, 2069, 2078, 2088, 2090, 2106, 2107, 2139, 2145, 2161, 2165, 2170, 2176, 2191, 2225, 2264, 2267, 2270, 2272, 2293, 2297, 2324, 2326, 2350, 2363, 2366, 2392, 2400, 2418, 2439, 2456, 2466, 2477, 2503, 2533, 2548, 2553, 2558, 2570, 2574, 2575, 2588, 2594, 2643, 2659, 2673, 2728, 2756, 2764, 2769, 2770, 2816, 2817, 2846, 2849, 2875, 2885, 2891, 2904, 2920, 2927, 2932, 2960, 2964, 3016, 3017, 3020, 3066, 3076, 3092, 3093, 3100, 3102, 3103, 3116, 3128, 3157, 3159, 3178, 3183, 3187, 3210, 3213, 3260, 3264, 3267, 3272, 3299, 3304, 3305, 3351, 3366, 3377, 3400, 3414, 3415, 3429, 3440, 3451, 3500, 3529, 3531, 3548, 3595, 3598, 3605, 3609, 3618, 3647, 3650, 3657, 3660, 3664, 3680, 3723, 3730, 3751, 3769, 3771, 3783, 3795, 3804, 3805, 3810, 3822, 3898, 3901, 3906, 3909, 3915, 3924, 3938, 3951, 3991, 4049, 4085, 4088, 4090, 4092, 4094, 4111, 4113, 4115, 4125, 4141, 4150, 4165, 4171, 4190, 4237, 4245, 4253, 4267, 4282, 4296, 4302, 4332, 4338, 4353, 4366, 4368, 4369, 4407, 4437, 4450, 4463, 4470, 4516, 4539, 4542, 4557, 4570, 4577, 4609, 4612, 4633, 4636, 4640, 4648, 4652, 4670, 4715, 4720, 4744, 4749, 4769, 4776, 4777, 4780, 4796, 4805, 4817, 4882, 4886, 4909, 4930, 4936, 4956, 4992
DNA, Partition_25 = 30, 50, 56, 91, 103, 109, 125, 133, 149, 162, 167, 168, 186, 189, 215, 224, 228, 233, 234, 265, 282, 289, 302, 340, 343, 351, 354, 365, 376, 384, 414, 429, 475, 511, 517, 566, 606, 623, 625, 627, 632, 675, 702, 726, 731, 765, 825, 841, 852, 890, 893, 904, 932, 938, 939, 959, 967, 971, 979, 985, 998, 1002, 1005, 1007, 1027, 1032, 1071, 1077, 1085, 1117, 1123, 1128, 1156, 1160, 1177, 1193, 1196, 1198, 1206, 1207, 1219, 1228, 1236, 1256, 1258, 1260, 1281, 1322, 1325, 1341, 1344, 1359, 1379, 1419, 1470, 1472, 1493, 1574, 1582, 1602, 1618, 1631, 1636, 1656, 1660, 1703, 1704, 1750, 1762, 1784, 1787, 1803, 1825, 1860, 1865, 1866, 1870, 1884, 1896, 1899, 1930, 1934, 1963, 1967, 1982, 1990, 2001, 2004, 2016, 2022, 2046, 2064, 2096, 2129, 2132, 2142, 2158, 2178, 2192, 2212, 2243, 2252, 2266, 2280, 2288, 2295, 2315, 2338, 2347, 2359, 2367, 2385, 2388, 2416, 2437, 2442, 2447, 2453, 2481, 2482, 2485, 2486, 2502, 2506, 2513, 2528, 2539, 2573, 2603, 2606, 2607, 2615, 2645, 2648, 2649, 2660, 2668, 2674, 2721, 2733, 2768, 2776, 2782, 2860, 2880, 2894, 2907, 2919, 2924, 2925, 2958, 2993, 3018, 3053, 3074, 3107, 3108, 3112, 3120, 3125, 3137, 3155, 3168, 3172, 3175, 3191, 3206, 3218, 3234, 3237, 3301, 3314, 3368, 3386, 3422, 3426, 3449, 3450, 3452, 3458, 3463, 3482, 3489, 3496, 3501, 3505, 3519, 3536, 3547, 3580, 3631, 3648, 3678, 3693, 3713, 3728, 3733, 3757, 3765, 3787, 3812, 3846, 3858, 3859, 3888, 3929, 3952, 3954, 3967, 4001, 4008, 4015, 4020, 4025, 4045, 4062, 4070, 4120, 4144, 4157, 4238, 4263, 4266, 4292, 4300, 4337, 4358, 4373, 4377, 4413, 4429, 4434, 4439, 4476, 4515, 4517, 4522, 4573, 4578, 4626, 4667, 4675, 4696, 4712, 4718, 4725, 4745, 4746, 4748, 4760, 4794, 4806, 4826, 4836, 4839, 4884, 4896, 4900, 4954, 4962
DNA, Partition_26 = 22, 34, 49, 61, 66, 70, 84, 107, 118, 130, 211, 221, 236, 237, 250, 257, 260, 300, 306, 307, 323, 326, 333, 335, 357, 363, 364, 369, 375, 386, 402, 404, 456, 463, 499, 503, 546, 576, 580, 599, 620, 624, 635, 653, 661, 676, 689, 714, 736, 743, 756, 760, 766, 769, 774, 783, 798, 805, 821, 855, 883, 905, 906, 952, 993, 1015, 1051, 1052, 1055, 1062, 1063, 1067, 1078, 1114, 1120, 1163, 1167, 1168, 1222, 1227, 1242, 1247, 1271, 1302, 1315, 1324, 1332, 1361, 1391, 1397, 1409, 1428, 1432, 1456, 1475, 1491, 1496, 1504, 1510, 1521, 1668, 1710, 1748, 1775, 1776, 1783, 1799, 1815, 1840, 1856, 1935, 2007, 2019, 2028, 2055, 2079, 2092, 2099, 2122, 2135, 2155, 2200, 2209, 2223, 2226, 2230, 2304, 2343, 2349, 2365, 2389, 2396, 2401, 2404, 2412, 2414, 2426, 2429, 2459, 2476, 2479, 2510, 2518, 2523, 2531, 2563, 2592, 2610, 2617, 2669, 2725, 2785, 2787, 2799, 2835, 2843, 2862, 2866, 2896, 2916, 2936, 2955, 2986, 2997, 3031, 3033, 3046, 3059, 3077, 3110, 3156, 3176, 3181, 3186, 3189, 3193, 3203, 3207, 3212, 3224, 3227, 3235, 3253, 3256, 3275, 3286, 3306, 3308, 3324, 3326, 3387, 3397, 3409, 3411, 3423, 3424, 3454, 3491, 3504, 3506, 3537, 3645, 3677, 3736, 3739, 3747, 3762, 3779, 3814, 3824, 3870, 3875, 3885, 3896, 3899, 3900, 3907, 3936, 3937, 3946, 3987, 4019, 4038, 4081, 4127, 4146, 4178, 4182, 4209, 4211, 4223, 4231, 4243, 4276, 4290, 4303, 4357, 4370, 4380, 4386, 4387, 4390, 4395, 4426, 4431, 4441, 4526, 4586, 4589, 4600, 4643, 4691, 4701, 4711, 4722, 4773, 4787, 4788, 4799, 4829, 4835, 4840, 4847, 4898, 4899, 4910, 4922, 4949, 4959, 4979
DNA, Partition_27 = 31, 47, 59, 75, 79, 165, 222, 230, 241, 261, 279, 281, 287, 317, 318, 328, 347, 356, 367, 396, 399, 418, 427, 430, 432, 433, 445, 472, 495, 502, 526, 530, 532, 545, 549, 552, 575, 585, 611, 643, 644, 654, 678, 761, 859, 860, 861, 913, 921, 923, 955, 978, 986, 989, 1039, 1048, 1072, 1154, 1174, 1178, 1215, 1218, 1239, 1294, 1296, 1306, 1314, 1358, 1385, 1423, 1451, 1486, 1487, 1530, 1561, 1570, 1609, 1632, 1646, 1655, 1676, 1721, 1766, 1773, 1793, 1809, 1829, 1837, 1844, 1858, 1895, 1916, 1954, 1955, 1956, 2013, 2035, 2062, 2100, 2109, 2114, 2148, 2160, 2231, 2240, 2253, 2258, 2300, 2364, 2383, 2421, 2425, 2438, 2460, 2478, 2490, 2498, 2515, 2525, 2526, 2552, 2556, 2557, 2567, 2598, 2612, 2664, 2693, 2702, 2710, 2731, 2758, 2771, 2796, 2797, 2814, 2819, 2822, 2834, 2870, 2878, 2882, 2883, 2892, 2922, 2935, 2938, 2942, 2989, 3041, 3042, 3060, 3087, 3099, 3134, 3153, 3171, 3194, 3198, 3202, 3208, 3214, 3247, 3248, 3313, 3315, 3316, 3343, 3353, 3354, 3361, 3373, 3388, 3389, 3395, 3398, 3402, 3405, 3456, 3481, 3502, 3535, 3538, 3553, 3554, 3556, 3587, 3614, 3658, 3710, 3738, 3759, 3776, 3830, 3851, 3855, 3865, 3913, 3940, 3975, 3993, 4005, 4072, 4101, 4156, 4163, 4186, 4193, 4194, 4219, 4247, 4257, 4275, 4293, 4297, 4298, 4299, 4360, 4374, 4375, 4379, 4391, 4398, 4399, 4401, 4416, 4422, 4425, 4462, 4467, 4506, 4511, 4534, 4538, 4549, 4597, 4601, 4613, 4615, 4698, 4700, 4724, 4802, 4831, 4852, 4872, 4901, 4904, 4913, 4934
DNA, Partition_28 = 1, 17, 18, 39, 119, 126, 153, 161, 183, 205, 214, 232, 243, 249, 405, 465, 478, 484, 559, 564, 583, 594, 663, 682, 705, 710, 750, 757, 789, 809, 829, 836, 838, 870, 878, 888, 925, 927, 956, 972, 980, 983, 990, 1003, 1036, 1041, 1057, 1065, 1125, 1140, 1186, 1226, 1243, 1263, 1278, 1309, 1360, 1408, 1410, 1411, 1427, 1436, 1446, 1455, 1473, 1503, 1519, 1531, 1536, 1560, 1566, 1575, 1580, 1611, 1617, 1626, 1665, 1679, 1691, 1694, 1719, 1728, 1752, 1794, 1795, 1796, 1805, 1819, 1830, 1843, 1887, 1929, 1949, 1966, 1999, 2033, 2038, 2044, 2050, 2111, 2136, 2152, 2207, 2213, 2232, 2239, 2255, 2261, 2284, 2323, 2354, 2411, 2448, 2454, 2467, 2543, 2545, 2568, 2682, 2687, 2705, 2708, 2713, 2825, 2827, 2928, 2948, 2981, 2984, 3005, 3006, 3028, 3037, 3057, 3071, 3079, 3085, 3109, 3132, 3139, 3225, 3278, 3291, 3295, 3321, 3342, 3346, 3363, 3399, 3480, 3483, 3591, 3638, 3675, 3721, 3732, 3746, 3748, 3803, 3808, 3815, 3884, 3926, 3928, 3969, 3978, 4028, 4036, 4044, 4077, 4082, 4126, 4169, 4173, 4184, 4205, 4229, 4274, 4279, 4284, 4287, 4328, 4345, 4404, 4405, 4433, 4551, 4559, 4576, 4581, 4598, 4625, 4641, 4651, 4656, 4705, 4726, 4741, 4764, 4772, 4781, 4812, 4821, 4834, 4848, 4849, 4859, 4865, 4880, 4890, 4894, 4953, 4978, 4990, 4993
DNA, Partition_29 = 7, 20, 52, 190, 273, 338, 390, 428, 510, 518, 560, 561, 605, 814, 844, 851, 903, 920, 951, 1013, 1030, 1058, 1103, 1149, 1153, 1179, 1191, 1237, 1245, 1252, 1295, 1308, 1333, 1433, 1469, 1494, 1501, 1569, 1678, 1725, 1727, 1781, 1861, 1909, 1979, 2008, 2015, 2057, 2063, 2086, 2104, 2112, 2184, 2189, 2193, 2203, 2245, 2273, 2282, 2355, 2484, 2487, 2488, 2491, 2593, 2635, 2680, 2686, 2744, 2792, 2869, 2874, 2879, 2931, 2937, 3004, 3035, 3069, 3115, 3167, 3289, 3390, 3396, 3401, 3413, 3445, 3446, 3461, 3469, 3523, 3573, 3602, 3622, 3630, 3696, 3752, 3943, 4002, 4084, 4091, 4102, 4114, 4130, 4242, 4342, 4359, 4385, 4394, 4409, 4438, 4488, 4524, 4537, 4545, 4593, 4634, 4723, 4739, 4791, 4810, 4861, 4915, 4940, 4950
DNA, Partition_30 = 42, 55, 114, 143, 152, 178, 184, 198, 223, 225, 235, 352, 422, 487, 616, 622, 683, 687, 716, 759, 773, 804, 896, 929, 1099, 1133, 1249, 1290, 1319, 1331, 1335, 1351, 1396, 1425, 1467, 1478, 1507, 1555, 1620, 1669, 1824, 1834, 1881, 1891, 1985, 2143, 2229, 2251, 2321, 2348, 2386, 2403, 2441, 2501, 2517, 2536, 2540, 2600, 2632, 2642, 2650, 2689, 2709, 2715, 2722, 2893, 2990, 3083, 3164, 3292, 3357, 3427, 3466, 3503, 3526, 3564, 3613, 3653, 3703, 3704, 3735, 3760, 3788, 3873, 3897, 3989, 4050, 4170, 4192, 4203, 4218, 4241, 4347, 4354, 4440, 4485, 4502, 4548, 4574, 4629, 4680, 4682, 4708, 4729, 4730, 4738, 4740, 4762, 4789, 4850, 4851, 4858, 4869, 4905
DNA, Partition_31 = 14, 37, 43, 58, 74, 98, 104, 121, 142, 166, 174, 175, 181, 197, 204, 212, 239, 246, 263, 280, 286, 288, 305, 313, 329, 330, 353, 362, 374, 388, 391, 417, 419, 420, 436, 439, 458, 470, 477, 498, 500, 501, 521, 531, 550, 553, 556, 562, 567, 586, 595, 598, 610, 618, 631, 639, 642, 645, 649, 652, 660, 665, 672, 684, 688, 691, 698, 713, 751, 755, 758, 775, 784, 790, 794, 797, 799, 801, 810, 811, 812, 816, 826, 834, 840, 850, 854, 873, 879, 882, 902, 908, 910, 912, 930, 931, 947, 954, 958, 969, 1001, 1017, 1018, 1049, 1060, 1082, 1092, 1094, 1102, 1157, 1184, 1194, 1223, 1232, 1254, 1255, 1259, 1265, 1270, 1280, 1284, 1285, 1288, 1327, 1334, 1363, 1371, 1376, 1398, 1400, 1407, 1418, 1431, 1440, 1443, 1474, 1497, 1502, 1508, 1512, 1525, 1528, 1529, 1541, 1543, 1549, 1550, 1556, 1567, 1577, 1581, 1591, 1604, 1605, 1607, 1619, 1629, 1637, 1647, 1652, 1654, 1658, 1677, 1700, 1730, 1751, 1754, 1759, 1772, 1801, 1802, 1807, 1863, 1869, 1901, 1906, 1907, 1933, 1940, 1943, 1945, 1960, 1974, 1977, 1989, 1995, 1997, 2003, 2005, 2009, 2021, 2023, 2085, 2089, 2094, 2103, 2108, 2125, 2138, 2144, 2181, 2187, 2206, 2244, 2262, 2265, 2271, 2277, 2285, 2294, 2299, 2305, 2310, 2314, 2332, 2351, 2398, 2417, 2430, 2436, 2440, 2449, 2462, 2470, 2483, 2504, 2508, 2520, 2535, 2537, 2538, 2546, 2571, 2577, 2581, 2595, 2613, 2628, 2638, 2665, 2671, 2678, 2688, 2691, 2694, 2718, 2730, 2751, 2754, 2757, 2762, 2767, 2773, 2777, 2786, 2794, 2798, 2801, 2806, 2830, 2837, 2851, 2867, 2877, 2888, 2889, 2903, 2915, 2940, 2946, 2957, 2959, 2971, 2998, 3024, 3025, 3081, 3089, 3123, 3130, 3142, 3150, 3169, 3177, 3196, 3217, 3229, 3230, 3240, 3243, 3245, 3254, 3255, 3263, 3271, 3277, 3300, 3303, 3309, 3312, 3406, 3412, 3425, 3441, 3444, 3453, 3465, 3468, 3479, 3499, 3510, 3520, 3524, 3530, 3540, 3541, 3551, 3552, 3558, 3562, 3578, 3603, 3606, 3617, 3624, 3636, 3644, 3649, 3652, 3654, 3656, 3667, 3668, 3689, 3695, 3697, 3709, 3715, 3718, 3725, 3744, 3745, 3749, 3767, 3775, 3784, 3802, 3806, 3811, 3820, 3834, 3836, 3844, 3847, 3850, 3889, 3895, 3916, 3921, 3941, 3953, 3968, 3977, 3981, 3985, 3988, 3996, 3999, 4000, 4003, 4033, 4040, 4064, 4080, 4096, 4098, 4099, 4108, 4142, 4149, 4154, 4162, 4164, 4179, 4181, 4185, 4187, 4197, 4200, 4206, 4207, 4233, 4234, 4235, 4261, 4273, 4289, 4295, 4307, 4309, 4316, 4324, 4327, 4330, 4343, 4350, 4392, 4402, 4421, 4449, 4454, 4456, 4459, 4461, 4479, 4487, 4491, 4494, 4499, 4505, 4527, 4547, 4585, 4587, 4594, 4607, 4637, 4639, 4650, 4678, 4684, 4685, 4686, 4699, 4713, 4714, 4735, 4737, 4758, 4775, 4778, 4779, 4807, 4820, 4837, 4857, 4860, 4883, 4906, 4914, 4918, 4927, 4928, 4944, 4960, 4987, 4991